30
87 63 68 91
68 91 34 94
68 91 55 53
55 53 34 94
55 53 87 63
87 63 66 26
66 26 31 6
34 94 29 59
66 26 99 53
55 53 31 6
29 59 31 6
99 53 90 17
90 17 66 26
87 63 99 53
29 59 1 36
31 6 90 17
1 36 31 6
99 53 99 91
29 59 5 83
55 53 66 26
5 83 34 94
29 59 55 53
87 63 99 91
68 91 99 91
1 36 6 6
1 36 5 83
31 6 6 6
31 6 19 34
19 34 29 59
19 34 1 36
11
8
91 2
95 5
95 9
89 4
80 9
79 5
91 1
91 2
4
16 56
15 63
8 62
16 56
11
12 98
6 93
5 99
5 100
5 92
8 93
13 92
17 93
20 100
15 95
12 98
7
53 77
57 77
59 79
57 84
55 83
53 78
53 77
6
59 3
66 3
72 1
75 6
57 2
59 3
5
52 79
52 83
46 85
50 80
52 79
5
35 43
35 42
38 36
41 38
35 43
6
72 67
76 65
70 69
68 68
68 64
72 67
10
42 44
45 45
46 50
43 49
42 50
38 50
41 47
41 46
41 43
42 44
5
10 17
10 16
16 11
15 12
10 17
6
100 93
110 97
113 98
110 103
92 107
95 103
