899
19646 27995 35619 59475
35619 59475 54007 74862
35619 59475 79219 70264
35619 59475 51339 90832
51339 90832 54021 78242
35619 59475 58082 39029
35619 59475 13774 46631
51339 90832 52611 78498
19646 27995 35285 14628
35619 59475 48709 54210
52611 78498 45069 70807
58082 39029 74126 22418
48709 54210 53613 47085
79219 70264 42345 99033
53613 47085 91023 44592
58082 39029 53613 47085
35619 59475 35285 14628
13774 46631 14821 37049
91023 44592 67725 39843
35619 59475 45069 70807
35285 14628 42999 7311
58082 39029 42967 28490
35619 59475 15222 29123
15222 29123 16692 13805
54007 74862 64034 80225
19646 27995 25919 44615
58082 39029 67725 39843
16692 13805 19646 27995
13774 46631 15222 29123
79219 70264 54007 74862
35619 59475 54848 62468
64034 80225 54021 78242
35285 14628 16830 506
79219 70264 72835 63836
35619 59475 46 70058
19646 27995 22001 9812
48709 54210 58082 39029
51339 90832 55673 81928
72835 63836 82154 68323
46 70058 11002 44464
79219 70264 86801 79474
79219 70264 54848 62468
67725 39843 53613 47085
58082 39029 39560 57740
67725 39843 84588 12180
19646 27995 34490 38182
42999 7311 67369 23403
79219 70264 87017 70152
35619 59475 39222 53204
16830 506 42999 7311
51339 90832 28371 99641
42999 7311 35843 1251
42967 28490 37729 15330
87017 70152 86801 79474
11002 44464 7919 2710
87017 70152 95837 88193
15222 29123 19646 27995
35619 59475 20942 49368
35619 59475 42798 41918
42999 7311 72702 18809
19646 27995 29024 28245
42967 28490 52064 35536
72702 18809 65125 29364
55673 81928 54021 78242
42999 7311 34891 202
51339 90832 37172 72642
95837 88193 84111 62434
42345 99033 64034 80225
74126 22418 80255 7243
84111 62434 93070 39994
91023 44592 75134 63181
84111 62434 99905 58057
37729 15330 45334 28106
51339 90832 44574 86377
51339 90832 55271 84618
44574 86377 23518 81272
79219 70264 78150 82128
35619 59475 28338 63811
79219 70264 67567 89249
58082 39029 62218 32600
35285 14628 30268 31356
84111 62434 99133 91783
11002 44464 2071 46911
23518 81272 37661 91222
79219 70264 58287 86976
23518 81272 34650 88159
67369 23403 62019 34479
86801 79474 94492 85763
37729 15330 43920 21575
19646 27995 19507 12778
16692 13805 10348 9710
43920 21575 58082 39029
99905 58057 97565 50901
94492 85763 51443 98632
53613 47085 73649 42539
19646 27995 30108 20016
34891 202 35843 1251
10348 9710 14227 3468
72702 18809 70661 4014
94492 85763 75007 85351
7919 2710 1008 810
7919 2710 4602 22201
99133 91783 91168 91266
86801 79474 80086 74921
34490 38182 26318 36465
67725 39843 80255 7243
35619 59475 29946 81633
42999 7311 88984 732
35619 59475 32252 76491
14227 3468 14169 10581
54021 78242 52611 78498
10348 9710 10561 17671
84111 62434 90435 59204
23518 81272 30633 96013
90435 59204 98583 21225
11002 44464 6363 38887
26318 36465 32671 48481
30108 20016 35285 14628
34891 202 26464 671
46 70058 11360 86891
11002 44464 1374 45237
44574 86377 19951 78658
13774 46631 18556 63121
14821 37049 16145 47849
51339 90832 51111 81083
54007 74862 74121 70551
11002 44464 14281 65217
91023 44592 54848 62468
35619 59475 26239 62101
45334 28106 39621 18727
91168 91266 73818 94412
91023 44592 60328 61953
98583 21225 80164 3867
52611 78498 44601 73013
19951 78658 10667 88461
80255 7243 73637 4171
30633 96013 36987 92066
67725 39843 83598 37749
80255 7243 77612 18373
51339 90832 33912 71743
1374 45237 7919 2710
79219 70264 48227 62993
37729 15330 47211 23891
94492 85763 83069 85012
35619 59475 36775 70094
80164 3867 70661 4014
99133 91783 91938 98647
74121 70551 47457 64799
11002 44464 1903 58944
83069 85012 80086 74921
16830 506 5766 1835
46 70058 8637 65602
54007 74862 44510 66495
34650 88159 41239 92566
42999 7311 70197 3201
54007 74862 62817 76076
34891 202 41666 3862
35285 14628 34490 38182
42999 7311 59441 4517
42798 41918 54853 39979
44601 73013 35619 59475
35619 59475 47075 65092
70197 3201 62708 1917
26318 36465 33201 43409
34490 38182 23001 33301
19951 78658 28966 75465
34650 88159 40544 92566
67725 39843 79399 34761
73818 94412 64677 99628
37661 91222 31613 87119
52064 35536 44374 33339
7919 2710 6922 15096
67369 23403 58082 39029
23518 81272 25591 97890
58082 39029 43004 53211
11002 44464 1702 65631
54007 74862 59450 70044
36987 92066 28664 90125
2071 46911 1696 56925
42798 41918 35285 14628
91023 44592 79779 48242
39560 57740 44958 52687
74126 22418 78899 9828
28664 90125 40544 92566
62019 34479 70045 25247
64677 99628 28371 99641
7919 2710 3494 18019
67725 39843 77612 18373
11002 44464 13774 46631
19507 12778 19735 4482
39222 53204 47009 44935
99133 91783 88964 91838
99133 91783 98584 78668
19735 4482 24970 14236
35619 59475 49134 54916
91023 44592 48709 54210
18556 63121 32154 59390
83069 85012 91193 83975
98583 21225 98024 4939
46 70058 11265 95673
80255 7243 81785 14081
35285 14628 39660 31106
98584 78668 99905 58057
98024 4939 97399 11999
75134 63181 63190 60840
35619 59475 21249 54874
94492 85763 81466 76181
67567 89249 71464 82339
64034 80225 68489 73729
88984 732 87170 8614
94492 85763 53213 96790
71464 82339 53213 96790
6363 38887 6922 15096
99133 91783 73604 99648
93070 39994 87201 18521
46 70058 3420 78252
58082 39029 42798 41918
19951 78658 11752 74603
28664 90125 23518 81272
73604 99648 81124 99032
91023 44592 64841 51928
42345 99033 32420 98674
42967 28490 38674 22776
11002 44464 6922 15096
3494 18019 1972 31211
47211 23891 54812 32070
95837 88193 94492 85763
70661 4014 71938 16041
1696 56925 6378 49223
79399 34761 86245 39352
71938 16041 63602 12807
35285 14628 33791 28232
44574 86377 33105 76795
11752 74603 10870 67196
58082 39029 67249 36072
73637 4171 72849 11847
42999 7311 25506 3278
43920 21575 45334 28106
11752 74603 12304 85569
54812 32070 57811 22937
47211 23891 47974 16750
98583 21225 93503 14364
14227 3468 19507 12778
67725 39843 76645 24529
35843 1251 16830 506
93503 14364 92699 6725
88984 732 83176 5512
42999 7311 57811 22937
64841 51928 54848 62468
87201 18521 85770 32600
41239 92566 27533 99190
84111 62434 92599 72135
79219 70264 66522 81739
67725 39843 84278 14986
93070 39994 83477 36388
25591 97890 12973 99018
63190 60840 75271 56826
23518 81272 26523 96894
21249 54874 29291 58048
59450 70044 52496 66401
97565 50901 98583 21225
87201 18521 79691 32862
11002 44464 8395 57563
11265 95673 2197 83550
25591 97890 8246 95520
87017 70152 90354 76685
14227 3468 5766 1835
99905 58057 90435 59204
78899 9828 72849 11847
84111 62434 91945 60440
63190 60840 85667 67293
87201 18521 92747 25541
11265 95673 4824 80552
10667 88461 20411 93925
8637 65602 8567 58568
37729 15330 41990 8980
70197 3201 77222 159
95837 88193 74916 92107
12304 85569 7259 78486
12304 85569 8446 74285
15222 29123 27264 47923
84278 14986 78311 25527
51443 98632 62572 84771
72835 63836 64658 65114
35619 59475 35920 42394
72702 18809 72085 5883
30268 31356 30766 21955
52496 66401 59969 69981
39660 31106 41168 38209
92599 72135 96654 65347
28371 99641 41239 92566
24970 14236 22001 9812
79219 70264 86421 68084
15222 29123 12916 39205
92747 25541 86490 13517
98583 21225 91808 30656
81124 99032 89862 96113
54007 74862 64479 70402
42999 7311 53592 7803
25591 97890 13955 87618
19646 27995 17607 17493
11752 74603 23054 76589
35285 14628 37729 15330
23054 76589 31242 72350
37172 72642 36775 70094
71938 16041 55676 6435
75134 63181 77530 55083
54848 62468 72835 63836
42798 41918 42661 28461
63190 60840 74586 59378
42999 7311 53877 3928
35285 14628 32297 7861
32297 7861 16830 506
75007 85351 64786 92628
41168 38209 36468 25759
35619 59475 19782 56179
13955 87618 19951 78658
79399 34761 87201 18521
1702 65631 449 57883
16830 506 22503 7522
53213 96790 59477 92950
4824 80552 8931 86437
29291 58048 19782 56179
14227 3468 19001 12364
19646 27995 26296 22598
54007 74862 77420 71493
80164 3867 92747 25541
80086 74921 82274 84102
11002 44464 895 59914
2197 83550 7517 91659
67567 89249 60271 93247
34891 202 42013 4926
72835 63836 81388 69100
98584 78668 96251 85296
11752 74603 29423 67526
60328 61953 72835 63836
39560 57740 48607 50162
29291 58048 35619 59475
13955 87618 21560 90620
52611 78498 35619 59475
47974 16750 41990 8980
34490 38182 32416 29103
55676 6435 65579 9840
71464 82339 62771 85131
44510 66495 53929 73059
63602 12807 70862 17635
74586 59378 75271 56826
35619 59475 26318 36465
1972 31211 2504 2657
30766 21955 30108 20016
34891 202 62708 1917
44510 66495 53242 70861
67725 39843 59674 43056
41239 92566 31637 85579
54848 62468 54283 53606
11752 74603 19312 73971
47211 23891 43920 21575
98584 78668 98269 68587
60328 61953 71323 56403
79779 48242 68956 52352
449 57883 895 59914
23054 76589 29087 68566
19646 27995 21716 37922
95837 88193 90967 76272
35619 59475 47904 66631
22503 7522 27599 15542
98583 21225 99493 41199
37172 72642 33912 71743
54812 32070 46561 24466
14281 65217 13774 46631
91023 44592 52526 52635
41666 3862 54844 2217
42798 41918 52634 37163
1374 45237 673 15125
30633 96013 25591 97890
13774 46631 21572 55912
58082 39029 55832 31534
8395 57563 14281 65217
35285 14628 35920 42394
20942 49368 15643 42814
30268 31356 32219 22974
58082 39029 50293 38894
84111 62434 97248 61973
19646 27995 22858 34824
75007 85351 82864 85617
12304 85569 8502 73834
81388 69100 74124 64793
67567 89249 76836 82281
87201 18521 80885 22586
99905 58057 94822 44313
14281 65217 9730 57129
19507 12778 17607 17493
48607 50162 44958 52687
82864 85617 75886 89096
10561 17671 12727 40558
88984 732 78563 3709
78150 82128 77352 74482
93503 14364 88476 8464
91808 30656 97514 25542
1972 31211 3755 2549
55676 6435 63172 9776
28338 63811 16154 70884
48227 62993 40226 61605
84111 62434 84323 55299
1374 45237 1696 56925
90435 59204 92961 44341
8931 86437 46 70058
91023 44592 52554 48973
11265 95673 10667 88461
54848 62468 49134 54916
53213 96790 76246 89272
67725 39843 78804 26136
11002 44464 8721 22027
54812 32070 58293 23450
35619 59475 23001 33301
20942 49368 17769 37059
25506 3278 32856 7902
99905 58057 94998 79027
1374 45237 721 55385
51443 98632 70924 94096
14821 37049 17769 37059
97399 11999 93269 5188
54844 2217 59441 4517
97399 11999 92991 5970
57811 22937 47512 14799
52526 52635 59758 49574
23518 81272 13955 87618
46 70058 8368 69682
22503 7522 28674 11425
41168 38209 38730 47856
88964 91838 68081 99711
84111 62434 90148 46521
63190 60840 70187 58856
64677 99628 72215 97806
51339 90832 41666 83199
12973 99018 2849 98539
57811 22937 51957 27506
58082 39029 65320 34904
70924 94096 62344 98733
58082 39029 60708 23778
23518 81272 38846 91675
11752 74603 12333 67107
71938 16041 67581 10301
70661 4014 69918 11448
22001 9812 27640 20325
29946 81633 37491 83015
96654 65347 97248 61973
13774 46631 17146 54091
22001 9812 26645 17352
25591 97890 22699 86058
97514 25542 90435 59204
11752 74603 18137 71006
62572 84771 52982 93208
84111 62434 85667 67293
7517 91659 429 87510
12304 85569 18906 78459
51339 90832 36775 70094
97248 61973 91818 67082
58082 39029 54812 32070
2071 46911 6378 49223
84323 55299 78714 63681
26296 22598 35285 14628
99493 41199 98169 49565
44601 73013 50339 77695
80885 22586 76389 33070
78899 9828 73280 15484
84588 12180 74824 26972
54848 62468 65578 50624
31613 87119 28664 90125
60328 61953 66349 57734
1374 45237 3928 35266
49134 54916 39570 59202
88984 732 99318 1032
31242 72350 34045 61395
58082 39029 65266 36888
94998 79027 88551 70580
7259 78486 2971 72280
52496 66401 53242 70861
80885 22586 75599 32628
99905 58057 95925 72542
34490 38182 35619 59475
41239 92566 44574 86377
32297 7861 22559 3676
95837 88193 70379 94925
54812 32070 55832 31534
98584 78668 94998 79027
65320 34904 71418 29451
42999 7311 55871 5867
86421 68084 76748 65049
88984 732 99321 2095
35285 14628 30257 9153
83477 36388 85375 25244
91808 30656 97429 23699
84278 14986 84588 12180
35619 59475 29740 51002
88964 91838 73604 99648
54848 62468 46368 59712
46 70058 8446 74285
17607 17493 16692 13805
35619 59475 38228 71728
80255 7243 72849 11847
35619 59475 53445 41260
54812 32070 60708 23778
70661 4014 78563 3709
12973 99018 20824 98205
99905 58057 99270 83637
63190 60840 82294 66089
86490 13517 97289 21505
78899 9828 72326 20929
34490 38182 23395 31499
98583 21225 91306 2575
35285 14628 42967 28490
35619 59475 24992 51586
11265 95673 429 87510
75007 85351 75886 89096
14821 37049 17526 44964
87201 18521 87124 35086
42345 99033 49937 94337
97399 11999 95623 2858
99133 91783 81124 99032
47512 14799 55044 21042
2197 83550 7667 90383
25591 97890 11265 95673
7919 2710 5504 24884
15222 29123 17587 18673
77420 71493 65629 79708
19646 27995 18896 17991
91023 44592 59758 49574
79219 70264 85134 75883
38228 71728 37188 64116
35843 1251 41085 6048
54021 78242 46631 70756
98024 4939 97433 14579
28664 90125 36061 92371
11752 74603 20141 68872
14281 65217 13172 52393
42999 7311 55676 6435
93070 39994 89398 32175
429 87510 8246 95520
42999 7311 60708 23778
82274 84102 79084 75621
33105 76795 34491 65967
77612 18373 72715 27263
98583 21225 97038 29775
32154 59390 20506 62838
19312 73971 23054 76589
25591 97890 23456 87379
82294 66089 84111 62434
81124 99032 94425 99847
42999 7311 51030 5542
30108 20016 26829 27613
84111 62434 89631 73896
59477 92950 67092 87868
88984 732 95623 2858
72215 97806 73818 94412
84111 62434 89636 69221
27640 20325 28674 11425
54021 78242 60960 80829
37729 15330 43784 25129
51443 98632 65109 95043
52982 93208 51443 98632
65125 29364 73093 19357
27640 20325 35285 14628
15222 29123 24304 41766
79219 70264 77352 74482
91023 44592 93070 39994
3755 2549 4672 13407
53877 3928 47008 5568
27533 99190 40544 92566
28338 63811 18660 65277
34045 61395 28565 66613
87201 18521 84981 35238
39222 53204 42938 43677
41168 38209 38605 28533
14821 37049 19514 44708
67725 39843 73649 42539
33912 71743 40271 77024
27264 47923 19589 37237
24992 51586 29740 51002
19782 56179 28220 59704
62708 1917 72838 308
19951 78658 27155 80113
48709 54210 49134 54916
47211 23891 40690 16818
86245 39352 93070 39994
42999 7311 56422 15281
35619 59475 41540 46681
79219 70264 70114 82086
91938 98647 98750 94765
94822 44313 96989 35960
11752 74603 17811 78808
35619 59475 43884 68347
54848 62468 55439 52881
20824 98205 584 94339
95925 72542 97312 63578
51443 98632 49937 94337
60708 23778 58580 31136
11002 44464 10499 56933
99493 41199 99971 33548
78804 26136 72051 34322
99318 1032 78803 212
28338 63811 28565 66613
23054 76589 31268 67885
73649 42539 65572 42119
11360 86891 12304 85569
29740 51002 21274 48099
67725 39843 79998 39508
31268 67885 29087 68566
77530 55083 72908 62271
93070 39994 79998 39508
11002 44464 7142 55700
11002 44464 8133 51855
46 70058 6713 60628
26239 62101 20506 62838
11002 44464 9730 57129
36987 92066 40544 92566
90435 59204 95207 42369
55676 6435 70661 4014
46 70058 7366 79574
42798 41918 50901 43650
72849 11847 73101 4238
91023 44592 84198 53264
12727 40558 11944 22485
37729 15330 42946 20383
52526 52635 61572 50912
42798 41918 53346 40643
32154 59390 15297 64224
99971 33548 99296 19499
70114 82086 62978 84219
84111 62434 86753 53820
12916 39205 13590 22761
38730 47856 37080 36321
8246 95520 11265 95673
12304 85569 6760 75155
25591 97890 10456 99725
35619 59475 68004 66927
7142 55700 8133 51855
99905 58057 99921 72437
31637 85579 44574 86377
19951 78658 13481 85039
42345 99033 56220 89587
74824 26972 67725 39843
98269 68587 95493 78807
94822 44313 95676 53431
97565 50901 96067 43927
34891 202 16830 506
77612 18373 83191 13483
11752 74603 8368 69682
67369 23403 61765 28907
13774 46631 16145 47849
19507 12778 14903 3351
31613 87119 23518 81272
77222 159 72838 308
584 94339 429 87510
12333 67107 22129 65175
94998 79027 99517 62377
84111 62434 92813 61275
57811 22937 48065 21412
68956 52352 79729 49953
84198 53264 79218 61625
46 70058 3212 81874
39660 31106 36252 18908
10667 88461 8931 86437
73818 94412 85373 92546
46 70058 7259 78486
35285 14628 36398 24772
16830 506 25765 234
15222 29123 17378 36818
64034 80225 54195 86840
80164 3867 87916 12567
78311 25527 80885 22586
34490 38182 33147 45762
673 15125 1008 810
72835 63836 85667 67293
42798 41918 38565 48324
88984 732 83292 5216
51443 98632 43944 98510
77420 71493 69930 76431
68956 52352 62859 58326
67092 87868 60846 91209
46 70058 7993 82564
74121 70551 62978 68955
46 70058 8491 71189
91168 91266 83625 91551
42999 7311 51212 3034
76748 65049 82154 68323
47211 23891 45061 17129
8567 58568 4869 65777
83625 91551 94540 90511
47974 16750 38663 15209
71464 82339 62073 85552
34891 202 44807 5860
12333 67107 20767 66444
65125 29364 70422 18103
33912 71743 40844 77682
6378 49223 11002 44464
54007 74862 49003 69840
85373 92546 73992 95606
70197 3201 59687 3525
11752 74603 20086 77960
62344 98733 68287 94889
38730 47856 35853 33782
67725 39843 75301 26617
42999 7311 59230 15169
63602 12807 54217 9131
8133 51855 46 70058
73649 42539 62447 44936
44807 5860 42999 7311
59969 69981 54007 74862
85375 25244 83677 32916
51339 90832 42794 95268
29423 67526 19993 71722
84111 62434 90690 65547
42999 7311 54998 5065
33147 45762 29218 39609
42345 99033 48328 93983
79998 39508 86245 39352
87201 18521 91405 30560
91306 2575 97399 11999
8368 69682 10870 67196
98169 49565 98102 41206
6363 38887 7983 30443
17607 17493 16441 8445
99321 2095 98716 20073
10667 88461 18681 94182
51339 90832 56605 85432
83191 13483 72519 29939
37661 91222 31346 87569
35285 14628 30766 21955
83625 91551 96412 88298
673 15125 1766 29428
33912 71743 44167 82779
16830 506 18724 10562
10667 88461 16843 95048
72849 11847 72702 18809
54844 2217 53877 3928
83477 36388 91671 39312
1766 29428 1652 37198
3212 81874 8600 90794
19646 27995 27737 30714
54007 74862 45253 68264
35619 59475 47204 74402
86490 13517 90636 21006
18681 94182 25591 97890
80164 3867 89947 10684
27533 99190 36825 94101
42794 95268 42345 99033
91023 44592 82981 40596
2504 2657 1008 810
79218 61625 84323 55299
29740 51002 22496 46055
20767 66444 28338 63811
41168 38209 37053 28038
40226 61605 47457 64799
33912 71743 39404 77489
75007 85351 65901 90388
22503 7522 30498 11266
97399 11999 95410 5166
72702 18809 71677 10075
86245 39352 83477 36388
98583 21225 92226 13932
84111 62434 91009 60223
22503 7522 27887 14999
91023 44592 76610 43574
95207 42369 96989 35960
53445 41260 45846 41945
15222 29123 18875 37927
53213 96790 92929 85837
84111 62434 95691 61667
35920 42394 38487 50535
19514 44708 20942 49368
97514 25542 97429 23699
18875 37927 20942 49368
57811 22937 41990 8980
53613 47085 61088 40428
68004 66927 47688 61568
91023 44592 84152 40434
53213 96790 64482 93357
20141 68872 18137 71006
30498 11266 21967 4895
18875 37927 26837 48418
16830 506 37144 3450
77530 55083 75271 56826
11752 74603 21543 71357
78899 9828 74171 20550
42999 7311 61917 21314
46631 70756 60840 79421
26318 36465 33783 39999
47688 61568 60511 64500
84111 62434 78714 63681
11002 44464 11650 32510
35619 59475 43169 60090
60960 80829 55427 85462
51339 90832 44790 94776
51339 90832 54529 83247
84588 12180 81785 14081
44374 33339 42967 28490
79219 70264 60390 84689
81124 99032 91335 95984
8395 57563 4301 66249
90967 76272 94618 84071
94822 44313 93006 53093
47974 16750 54989 21694
32252 76491 38790 82506
30257 9153 16830 506
88984 732 91370 10475
54217 9131 63975 13982
52526 52635 69214 48425
52526 52635 59773 49713
43784 25129 43920 21575
85667 67293 64442 61339
34491 65967 33912 71743
36775 70094 48859 86994
55044 21042 54989 21694
16145 47849 27171 53931
83677 32916 85302 24142
58082 39029 53207 46724
17146 54091 24481 60934
45253 68264 35619 59475
13774 46631 13771 36194
54853 39979 46328 49364
74121 70551 49479 64881
34650 88159 26810 82258
62978 84219 62572 84771
28371 99641 38451 94382
58082 39029 58114 31360
50339 77695 49041 85462
3494 18019 2127 32969
15222 29123 15910 14501
71464 82339 67307 88793
91023 44592 80812 51282
92929 85837 85430 87406
25591 97890 32506 96046
13590 22761 10348 9710
60708 23778 61589 31739
31242 72350 19951 78658
36987 92066 32506 96046
10561 17671 11002 44464
19735 4482 19646 27995
72702 18809 70422 18103
55871 5867 63716 4633
18137 71006 26324 67762
2127 32969 1652 37198
53613 47085 64511 41316
4602 22201 2975 30922
52064 35536 44069 40862
37144 3450 27804 1681
60708 23778 59435 36251
1374 45237 4921 28593
16830 506 38288 4385
10456 99725 2663 99529
42999 7311 52335 8756
22503 7522 29139 11137
1972 31211 2141 13753
92991 5970 97013 15674
35619 59475 43736 72499
87201 18521 90658 30068
54989 21694 57811 22937
37053 28038 37904 39308
90435 59204 96868 35465
28371 99641 36619 95967
84323 55299 83618 62314
19735 4482 22001 9812
79691 32862 70517 38089
75007 85351 62604 93120
7517 91659 2772 86098
12304 85569 17811 78808
14227 3468 12654 10536
20824 98205 13587 97797
83677 32916 84552 24635
18724 10562 14137 1318
18660 65277 30693 61757
74121 70551 62670 69739
32252 76491 37724 82274
30108 20016 23991 26575
76389 33070 81552 27172
10348 9710 15408 21889
11002 44464 7508 55004
13774 46631 19006 59198
52526 52635 52554 48973
88984 732 98960 2392
85430 87406 76246 89272
10348 9710 15086 24437
42999 7311 65851 17351
42999 7311 65548 24689
46 70058 21524 63435
52554 48973 65438 48561
87916 12567 94249 17409
76610 43574 86991 43959
84323 55299 91023 44592
77420 71493 69404 73872
1374 45237 3728 36793
21543 71357 29548 67640
88964 91838 77473 95032
30498 11266 35285 14628
64034 80225 69502 73074
12304 85569 9526 75576
96989 35960 97000 43984
43169 60090 54848 62468
400
11
7483 27506
7911 27816
7109 27761
7093 27758
7134 27577
6995 27448
7559 27323
8249 27166
8503 27566
8226 27349
7483 27506
9
88778 4459
88889 4656
89159 3996
89048 4692
89230 3920
89317 5643
88969 5096
88590 4810
88778 4459
11
46533 19051
46514 18245
46590 18307
46658 18147
46768 18255
46541 18568
46616 19051
47178 18936
47198 19334
46636 19057
46533 19051
5
82582 12640
82276 10663
84076 11918
84103 12064
82582 12640
4
17646 48509
19439 47944
18601 48681
17646 48509
7
46805 91578
46817 92245
46677 91849
46316 92333
46358 92013
46634 91536
46805 91578
8
73897 5754
75259 5732
75682 5750
74320 6499
75043 6020
74176 6393
74029 6462
73897 5754
8
90002 53539
90161 53165
90731 53161
90151 53493
89689 53738
89554 53709
89744 53577
90002 53539
10
19701 40484
19596 40448
19668 40318
19998 40396
19971 40613
20126 40769
20061 40998
19608 40639
19733 40494
19701 40484
10
89871 67795
89806 67462
89425 67178
90903 68229
91123 68923
90871 69147
90298 68602
90458 68978
90315 68996
89871 67795
4
43742 2061
45112 2399
44898 2648
43742 2061
10
54418 28273
54474 28871
54478 29063
53371 29362
54190 28282
53897 28294
53391 28134
53614 27896
54345 27663
54418 28273
5
89398 93316
88620 93983
88581 93005
88812 93398
89398 93316
11
36001 8236
37117 8509
37394 9583
36486 9087
36462 9320
35804 9713
35952 9093
35623 8989
35708 7789
35988 7862
36001 8236
5
44205 38295
43639 38124
44189 37918
45234 38455
44205 38295
7
42493 88383
42380 87551
42855 88276
42947 88719
42834 88759
42547 88191
42493 88383
9
4287 29847
4170 29640
3990 29376
4208 28844
4224 29447
4436 29272
4519 29405
4496 29841
4287 29847
8
22368 38308
22360 37746
22619 37951
23179 37646
23258 38537
22671 39055
22828 38086
22368 38308
7
36944 82054
37054 82163
36900 82580
35696 82603
36250 82364
35979 82190
36944 82054
5
72806 93424
72434 93753
72844 93029
73226 92532
72806 93424
11
15189 13012
15219 13180
14822 13524
14870 13200
14750 13257
14543 13402
14747 13153
14556 13055
14987 13034
15061 13028
15189 13012
9
62498 16989
62873 16974
63093 16987
63220 17532
62902 17589
62634 17570
62254 17374
62335 17197
62498 16989
11
26864 98749
26965 98723
27106 98981
27086 99581
26695 99622
26707 99374
26864 98984
26695 98869
26565 98868
26868 98637
26864 98749
7
25261 54347
23979 55115
23709 53743
24026 54276
24020 53409
24996 54365
25261 54347
4
92230 62750
92859 64391
92257 63394
92230 62750
6
35494 10123
35868 9938
36250 10476
35175 11033
35065 10026
35494 10123
5
73608 87726
73147 87824
73235 87113
73685 87165
73608 87726
5
72186 78552
71438 79268
71340 79174
72292 78394
72186 78552
9
48252 35491
47139 37010
47054 36904
47560 35555
47503 35551
47296 35523
48001 35320
47680 35488
48252 35491
7
85395 15817
85486 15947
85326 16109
85075 16382
85066 16432
84529 16539
85395 15817
10
63089 72119
64219 71769
64560 71714
64235 72016
63832 72673
63332 72805
63755 72215
62849 72725
63644 72118
63089 72119
6
87389 93360
86401 93711
87240 93204
86532 93407
87219 92981
87389 93360
8
27657 90729
27692 90826
27696 91352
28096 91299
27827 91415
27394 91411
27560 90971
27657 90729
10
22292 18092
22257 18163
22393 18126
22534 18577
22133 18673
22153 18993
22082 18916
22117 18546
21659 18484
22292 18092
7
63271 7744
62998 7041
62913 7273
62715 8014
62665 6672
63539 7556
63271 7744
4
18842 86422
19434 86574
20272 87939
18842 86422
6
41258 91630
41213 91345
41632 91151
41741 91127
41273 91436
41258 91630
7
37256 77925
36698 77212
37318 77845
37468 78933
36606 78788
36609 77309
37256 77925
7
64150 59023
64352 59039
63164 59212
63514 58290
63489 58651
64192 58171
64150 59023
11
20387 25847
20690 26084
20833 26357
20685 26695
20628 26738
20458 26454
20299 26101
20625 26156
20327 25926
20285 25815
20387 25847
8
32045 33827
32298 33968
33448 34323
33062 34449
31786 34617
32265 34181
31980 34076
32045 33827
6
2421 61582
2160 61732
1973 61349
1863 60099
3001 60743
2421 61582
8
34504 76586
34618 75341
34806 76235
35861 75558
35889 76194
35884 76662
36029 76698
34504 76586
7
76494 36613
77183 36729
77578 37539
76748 38018
76667 37732
77147 37002
76494 36613
9
36269 52483
36453 52460
36385 52910
36469 52387
36831 52680
36912 52711
36427 52827
36402 53054
36269 52483
9
24458 74488
23451 74513
23956 72926
23470 74284
23928 72520
24378 72675
24821 72784
24865 73338
24458 74488
10
83710 22655
83452 22837
83768 21554
83789 21606
83964 22075
84041 21573
84290 22357
83797 22536
83613 22410
83710 22655
11
75048 77325
75916 76352
75863 77977
75265 78059
75325 78258
75106 78348
75216 78035
75189 77608
75026 77636
74840 77615
75048 77325
7
96784 59916
96838 60071
97136 60584
95891 60561
95537 60111
95993 59824
96784 59916
4
41518 51066
42123 50559
42347 51115
41518 51066
9
80824 6924
81245 7918
80868 7248
81131 7957
80494 7512
80692 6913
81472 6948
81853 7625
80824 6924
11
68727 10839
68434 10945
68824 11115
68123 10904
68543 9604
68534 10027
68286 10572
68620 10489
68959 10961
68671 10903
68727 10839
4
59303 80633
59195 81214
58250 80889
59303 80633
11
99881 48927
99463 48727
99384 49051
98502 49216
98391 49081
98989 48626
98595 48347
99602 48730
99988 48806
99653 49238
99881 48927
11
76208 95907
76793 95891
77076 95621
77399 95970
77017 96196
77122 95994
76702 95934
76159 95972
75898 96256
75736 96259
76208 95907
7
41195 34908
42012 34155
42189 34804
41543 34936
41364 34897
41963 34744
41195 34908
4
76651 84246
76974 82805
77561 84706
76651 84246
8
11792 58990
12054 58486
12063 59991
11955 60379
11448 59222
11783 59885
11844 59594
11792 58990
11
14481 55851
15204 55675
16149 56006
14612 56170
14968 57154
15428 56205
15482 56318
15461 56904
16229 56865
15079 57632
14481 55851
4
77201 2009
77417 1715
78342 1275
77201 2009
8
8596 88928
8118 87974
7792 87266
9320 87360
9458 88089
9501 89064
7982 87658
8596 88928
7
11258 43476
11657 42996
12052 42551
12875 43110
11632 43553
12339 43053
11258 43476
9
82780 80722
82549 80416
83281 79847
83801 79389
84124 80023
83864 80826
83561 80221
82913 80884
82780 80722
4
50153 94334
50450 94767
51191 95901
50153 94334
6
82461 86143
83717 86157
83961 87438
82825 87554
82109 86476
82461 86143
9
61625 72737
61617 72742
61562 72566
61809 72506
62539 72710
62530 72856
62199 73023
61694 73019
61625 72737
5
38551 8565
38891 8689
38128 9419
37619 8546
38551 8565
11
94701 67473
94704 66917
94928 67223
95046 67543
94925 67828
94789 67526
94844 67993
94432 67880
94388 67011
94600 66885
94701 67473
5
97988 55347
96466 54758
98216 54877
98123 55534
97988 55347
7
91575 38518
90757 38298
90288 37639
90929 37901
90898 37991
91091 37850
91575 38518
5
84545 30903
84836 30860
85087 31772
84731 31559
84545 30903
11
16851 62128
16763 61351
17409 61485
17669 61668
17860 62210
17798 62414
16820 61454
17264 62410
17639 62601
17308 62564
16851 62128
8
48744 2805
47800 2233
47730 2333
48034 2651
46958 2764
46942 2366
48097 2157
48744 2805
10
7709 29551
7971 29294
8019 28910
7951 28817
8480 29209
8622 29688
8521 29874
7204 29824
7704 29426
7709 29551
6
40756 90558
40940 91097
39448 90503
39618 90053
39739 90490
40756 90558
6
65680 85486
66665 85355
65280 86316
65650 85124
65976 85403
65680 85486
10
72682 59022
72098 59075
72626 58925
72411 58861
72262 58542
72628 58617
72997 58837
72658 59009
72700 59015
72682 59022
8
48014 29795
47692 29807
48453 29292
48674 29674
47949 30086
48176 29935
48076 29569
48014 29795
6
51585 59592
52011 60483
51013 60345
51331 60246
50899 59896
51585 59592
8
22394 74613
22362 75074
22531 75659
21796 74635
21788 75445
21037 74497
22775 73734
22394 74613
7
11836 65805
11683 65203
12371 64915
12394 65729
12055 65968
11954 65185
11836 65805
9
40744 14372
40403 13945
40979 14572
40070 14519
40604 14372
39909 13956
39943 14191
39850 13843
40744 14372
4
55722 59388
56902 59424
56172 59947
55722 59388
4
42148 32500
41060 33302
40484 31360
42148 32500
6
45148 89649
43737 88602
45507 88873
45601 89257
44430 88809
45148 89649
8
68927 28807
68745 29725
68478 29454
68261 29797
68061 29915
68025 29654
68623 29058
68927 28807
7
34665 65135
35765 65194
35631 65233
35736 65359
35929 65515
35365 65637
34665 65135
11
20727 85525
20998 84796
21410 84601
20886 84433
20672 84297
21248 84347
21877 85032
22041 85246
22045 85247
20894 85603
20727 85525
8
67914 18069
68177 17907
68253 17968
68435 17787
68232 18836
68151 18376
67940 19144
67914 18069
4
36311 24703
35755 23733
35782 22713
36311 24703
9
19890 46619
19640 46888
20059 46666
19782 47034
19588 47180
19380 47194
19339 47169
19660 46664
19890 46619
11
6135 4037
5996 4220
5479 4268
4561 4270
4356 3820
4519 3638
4855 3754
5301 3771
4622 3144
6146 3484
6135 4037
6
9642 40524
10086 40513
9996 40934
9581 42066
9452 40606
9642 40524
9
77994 55039
79713 54347
79412 54471
79766 54700
79293 55145
78673 55494
79444 54588
78007 55372
77994 55039
6
30217 32381
29437 32801
30978 33418
29725 33187
29065 32493
30217 32381
10
91577 31451
91987 30626
92008 31758
91875 31654
91793 31730
91566 31648
91494 31582
91532 30855
91512 31241
91577 31451
10
41900 74188
41960 74319
41501 74207
41760 74968
41368 74958
41244 75234
41193 74283
41288 74100
41336 74085
41900 74188
6
75478 79205
75944 77803
77380 78009
77252 78355
76373 78794
75478 79205
5
95506 83840
95734 83441
96687 83102
96424 83541
95506 83840
8
50223 18511
49968 18554
49425 18728
48275 18390
49044 18190
49511 18238
49929 18289
50223 18511
10
19326 36933
18970 36966
19429 36890
19145 37270
19434 37169
19410 37199
19195 37281
19238 37542
18844 37374
19326 36933
5
70467 85894
70287 86035
70073 85599
71285 85478
70467 85894
4
54527 70070
54893 69787
53772 70790
54527 70070
7
39879 70502
39742 70175
40938 70965
41041 71549
40446 71314
39840 70785
39879 70502
10
90228 48890
89931 48629
90007 48354
90247 48222
91254 48071
91402 48286
90684 48411
91512 48890
91200 48956
90228 48890
11
18724 45758
18585 45379
18575 45042
18928 44919
18857 44774
19069 44889
18947 45152
19231 45346
19034 45239
18888 45241
18724 45758
7
5519 68184
5387 68238
5186 68102
5559 67894
5202 67792
5926 67724
5519 68184
10
92647 27264
93088 27435
93145 27508
92910 27646
92995 28006
92599 27990
92550 27966
92511 27319
92742 27177
92647 27264
5
52560 25621
52653 25311
53029 26461
51714 25784
52560 25621
11
3859 38553
4060 38815
4210 39040
4151 39179
4250 39334
4078 39181
3949 39058
3735 38843
3659 38749
3690 38613
3859 38553
11
10644 58477
10696 58098
12345 57368
11727 57916
10955 57989
10965 58417
11031 58897
11925 58425
12634 58083
10965 59071
10644 58477
5
87010 65109
87762 66196
87343 65631
87645 66114
87010 65109
7
62108 69270
61697 69517
61342 69570
61873 68372
61369 67880
62240 68394
62108 69270
10
24218 50173
24384 51526
24450 50485
24498 50446
24349 49752
24687 50091
24416 51620
24067 51248
24124 50841
24218 50173
9
59736 58532
60598 57912
60588 57756
60363 57355
60544 57272
61027 57405
61356 57816
59870 58619
59736 58532
8
36827 43541
37010 42944
36642 42950
36748 43346
36249 43170
36242 42619
37282 42878
36827 43541
4
34364 91111
34562 90928
36332 91494
34364 91111
11
29572 77091
29163 77140
28922 76878
28836 76238
29076 76365
28970 76301
29544 76353
30069 76337
29947 76932
29443 77025
29572 77091
5
48583 60214
48703 59939
48528 59204
49105 59850
48583 60214
7
15717 32384
15817 32794
15680 33570
15096 33790
15217 31846
15859 32530
15717 32384
6
80871 49102
80750 48757
81355 49179
81106 49051
80697 49451
80871 49102
7
71512 89833
70855 88923
71999 89821
72113 90084
70890 90885
70753 89843
71512 89833
10
77206 40209
77219 40009
76212 39709
77218 39774
77326 40244
77202 40295
76173 40338
75946 40326
76667 40271
77206 40209
5
26443 56092
26178 54853
27530 56325
27556 56403
26443 56092
5
17938 69733
17623 69607
17844 69085
18603 68794
17938 69733
5
46974 54179
47800 53824
47679 54160
46909 54800
46974 54179
11
3713 8601
3673 8605
3475 8267
3677 8251
3694 7936
3997 8395
3991 8425
3913 8529
3732 8473
3741 8637
3713 8601
9
24329 16876
23601 17273
23160 17916
24003 18276
22548 18102
22622 17282
22546 17053
23839 16896
24329 16876
5
73348 88301
73076 88286
72049 88011
71727 87752
73348 88301
4
39986 98484
38330 97290
39337 97085
39986 98484
8
30044 53327
29910 53361
29939 52867
29885 52563
30474 52700
30495 52891
30453 53300
30044 53327
10
66352 17233
66562 17530
66385 17373
65982 17307
66244 17144
67110 17062
67468 17013
67813 17080
66752 17479
66352 17233
11
27042 25433
26662 25409
26922 24929
26947 24923
27180 24710
26935 25133
27059 25133
27294 24876
27070 25399
27382 25576
27042 25433
9
18367 82654
18870 81902
18750 82530
18182 83011
18030 83128
18085 82233
18135 82155
18378 81891
18367 82654
10
48882 81855
48667 81741
48452 81872
48127 81645
47970 81484
47915 81371
47925 80710
48562 80606
49211 81331
48882 81855
6
76793 54008
77218 53995
76113 54290
75454 53477
77446 53475
76793 54008
8
73026 61705
71658 61927
72094 61628
71420 60889
71134 60593
71891 61305
72112 60780
73026 61705
5
64661 78015
64164 77702
64593 77155
64735 78030
64661 78015
10
88593 88408
87936 87920
88351 88150
88704 88406
88511 88921
88104 89318
87951 89229
87898 88705
87891 88489
88593 88408
9
73785 44004
73586 44459
73475 43915
73883 43847
74088 43935
73887 44017
73765 44363
73735 44341
73785 44004
7
63279 25645
62907 25504
63817 25782
63399 26006
62844 25988
63304 25686
63279 25645
7
78135 76136
78193 76203
78379 76453
78214 76731
78136 76724
77775 76614
78135 76136
5
3366 45002
2802 44723
2806 43323
3519 43241
3366 45002
6
64671 1755
65807 2121
66054 2067
66139 2282
65091 2173
64671 1755
9
13050 11749
13153 12247
12849 13662
12496 13685
12797 13144
12970 12387
12451 13172
12831 11815
13050 11749
6
13657 94650
14841 94629
14178 95554
13569 95738
14596 94746
13657 94650
10
93446 75544
93280 75464
93053 75253
93452 75413
93533 74683
93614 73918
93903 74358
93664 75246
93498 75497
93446 75544
4
21665 79734
22760 80395
21092 81255
21665 79734
10
88780 28792
88702 28725
89475 28504
89548 28567
89619 29294
88451 29630
88531 28975
89302 29313
89105 28698
88780 28792
10
37094 75872
36894 76066
36661 76656
36534 75452
36680 76137
36860 75512
37050 75649
37179 76147
37166 76339
37094 75872
9
69373 90367
69330 89980
69472 89699
69305 89554
69917 89495
69741 89720
69972 90206
69737 90328
69373 90367
4
62313 51451
63179 52029
63007 53004
62313 51451
10
80411 53625
80346 53564
80180 53283
80696 53154
80236 53312
80578 53496
80768 53082
80967 52964
80623 53664
80411 53625
9
1896 98609
1726 98376
3134 98699
2911 98664
2468 98656
3091 98932
2471 98982
2009 98805
1896 98609
5
16833 30532
18142 30945
18031 31329
17199 31018
16833 30532
5
67256 39682
66483 38048
66545 37854
67311 38004
67256 39682
11
8887 3248
9595 3715
9603 3989
8575 4255
8533 3042
9006 2818
10472 3216
10250 3702
9992 3691
9398 3385
8887 3248
5
93623 43555
93573 43631
92885 42829
93139 42649
93623 43555
7
34693 47543
34764 47830
34848 48828
34526 48843
34304 48391
34339 47948
34693 47543
5
55346 72235
55684 71403
55973 71046
55586 72983
55346 72235
10
19535 32961
19436 32731
19339 32802
19131 32952
19275 32155
19402 32658
19514 32306
19383 32272
19876 32296
19535 32961
11
28094 92509
27895 92838
27962 94008
27862 94123
27224 93553
26376 93866
26967 92791
27227 92477
27134 92646
27426 92469
28094 92509
5
41502 11020
41632 11636
41667 11868
41089 11182
41502 11020
10
69804 61114
70030 61315
70077 61295
70092 61101
70126 61404
69882 62100
69201 61204
69321 61170
70024 61063
69804 61114
5
57599 28986
57568 29303
57082 29804
57024 29543
57599 28986
6
39154 70090
39770 69781
38965 69340
39545 68896
39901 69756
39154 70090
10
63687 12341
63719 12056
63857 11989
64092 11976
64220 12567
64096 12517
63817 12235
63902 12356
63794 12536
63687 12341
11
9917 75489
10273 75701
10213 75006
10402 75390
10509 75372
10405 75619
9849 75979
9703 75290
9809 75222
9933 75246
9917 75489
7
40530 28047
40563 27826
40912 27722
40988 27861
40890 27857
41235 28298
40530 28047
10
63194 98511
63656 98684
63949 99092
63958 99104
63059 99230
63123 99146
63219 99179
63096 98647
63162 98672
63194 98511
5
52790 24232
51799 23992
52235 22631
52367 22498
52790 24232
10
69776 76191
68910 76687
68968 76591
68582 76121
68759 76195
69024 75669
69891 75636
69202 75883
69489 76159
69776 76191
10
61437 88546
62088 89118
61547 90094
61599 89607
60943 88967
61088 89269
60735 89537
60720 88702
61068 88542
61437 88546
6
15943 64634
16711 64805
15630 65180
16149 64741
15181 64636
15943 64634
6
30985 4619
31640 5060
31577 5134
31091 5211
31011 5053
30985 4619
10
83003 70634
82683 71933
83126 71992
82649 72062
82383 72090
82690 71566
82571 71439
82875 70640
82636 71308
83003 70634
10
92756 67489
93032 67601
92135 68010
92051 67416
91988 67246
93174 67282
93142 67326
92695 67338
92250 67331
92756 67489
8
82041 75948
82128 75856
81945 75886
81787 74720
81894 74864
82728 74795
82710 75379
82041 75948
9
85154 95444
85370 95825
85180 96029
84841 95758
84879 95638
84707 95305
85433 95355
85313 95710
85154 95444
6
80328 64992
80752 64523
80380 65381
80078 65426
79997 64463
80328 64992
4
47591 125
46624 687
46122 302
47591 125
11
67748 33901
67602 34082
67477 34103
67184 34095
67891 33493
67816 33572
67629 33882
67946 33567
68118 33826
67863 34034
67748 33901
4
42106 22205
42419 21389
42969 22572
42106 22205
10
47499 58278
47469 58640
47557 58588
48401 58492
47213 58878
47216 57679
47385 57784
48360 57667
48373 58081
47499 58278
5
76821 50445
76952 50362
76771 49901
78024 50196
76821 50445
5
34906 80269
35238 79905
35719 81333
34879 80388
34906 80269
5
74785 8525
74097 8410
74129 7771
74232 7091
74785 8525
10
94705 3317
94576 3599
94129 3494
94943 3900
93780 3481
93728 3294
93824 3014
94310 3020
95052 3168
94705 3317
7
17820 30373
18573 30420
18620 30267
18587 30663
18554 30693
18276 30818
17820 30373
4
49672 18776
48936 20528
48476 20382
49672 18776
8
62409 24581
61831 24318
61572 24553
61256 23893
61412 23840
62095 23661
62122 24386
62409 24581
11
92723 21195
92644 21336
91520 21423
91943 21067
91843 21117
91678 21111
91904 20958
91489 20869
92620 20838
92599 20917
92723 21195
8
95378 14875
96001 14780
95926 14841
95478 14973
95159 14809
95221 14729
95175 14218
95378 14875
10
51681 49234
51179 48457
50996 48814
51093 48296
50500 49501
50461 48762
50116 47939
50696 47924
51689 48294
51681 49234
6
35994 26352
36786 27197
36091 26809
37113 27928
36008 27119
35994 26352
11
74507 13125
74436 12935
74212 12707
74581 12858
74754 13252
73595 12795
73522 12686
73899 12351
74103 12517
73937 12794
74507 13125
8
94108 33362
93661 31927
93705 31676
94564 32185
94437 33238
94060 32085
93950 32337
94108 33362
4
56668 19618
56546 19105
57641 18784
56668 19618
7
31358 80202
31653 80336
31254 79106
31729 79089
31663 79675
32023 80589
31358 80202
9
73344 16614
73558 16273
74672 16178
73957 16385
74053 16426
74298 16493
74621 16402
74010 16683
73344 16614
8
71143 16941
71240 17124
71182 16885
71417 17272
71124 17238
70908 16733
71076 16823
71143 16941
4
9298 8160
9121 6320
9899 7630
9298 8160
8
73052 52820
71949 53039
71915 52856
72268 52589
72237 52813
72540 52296
73211 52689
73052 52820
6
18055 66871
18125 66892
18450 67338
18965 67805
18344 67286
18055 66871
9
70149 54749
69926 54952
69948 54691
69902 54284
69988 53577
70071 53828
70184 53764
70429 54321
70149 54749
10
32399 14775
32915 16055
32481 16052
32160 15324
32190 15753
31586 14855
31826 14455
31806 14557
31833 15141
32399 14775
8
56938 41817
57091 41068
58141 41144
57230 41201
57079 41502
58254 42011
57324 41844
56938 41817
9
15745 79970
15734 80044
15903 80036
15810 80514
15122 80706
15077 79941
15197 79794
15352 79568
15745 79970
8
15563 2940
15438 2759
16822 1608
16245 2471
16767 2939
16067 3003
15838 2867
15563 2940
8
7935 72354
7033 72026
8191 71863
8449 71307
8446 72734
6787 73196
6690 72366
7935 72354
8
16695 67693
17085 68790
16938 68753
16585 68972
16307 68736
16633 68105
16966 68584
16695 67693
11
69151 45109
69056 44426
69005 44838
68933 45043
68623 45060
68713 44077
68747 43960
68651 44887
68848 43965
68996 43949
69151 45109
10
48322 78704
47531 78685
47920 78944
48115 79213
47483 79556
47229 79091
47393 78982
47422 78677
48052 78684
48322 78704
7
4309 66862
4706 67153
4751 67188
4266 67202
4125 66982
4579 66562
4309 66862
6
42086 31297
40920 30113
41598 29811
42501 30065
42317 31292
42086 31297
9
59469 89633
59229 89750
59495 90031
59519 89299
59686 90429
59532 90324
58874 90438
59104 89680
59469 89633
7
5762 40007
5464 40109
4551 40550
4334 40291
5372 39319
4523 40153
5762 40007
4
19185 34194
18461 32898
18828 33071
19185 34194
4
84748 72126
83777 72280
83399 71731
84748 72126
6
25801 78227
24788 78111
24325 77810
24298 77185
25415 78006
25801 78227
9
63486 46184
62997 46079
62920 45420
62955 45072
63108 45180
63591 45843
63165 45472
63205 46029
63486 46184
5
75366 45237
76527 44762
76839 44674
75796 45253
75366 45237
4
92702 64432
93615 64414
92868 65632
92702 64432
8
46506 58528
46989 59408
46651 59429
46364 59623
46267 59762
45500 58313
46012 58733
46506 58528
7
61106 98253
61375 99020
61426 98122
61458 99219
61067 99404
60809 99043
61106 98253
6
82143 87492
81323 88043
81633 87359
80233 88159
81471 86623
82143 87492
4
28589 22550
26759 24410
27491 23235
28589 22550
4
79716 72340
79913 73010
79384 72210
79716 72340
9
28686 81594
27621 81954
27857 82192
27676 82064
27355 81917
27242 81340
27472 81365
28886 81535
28686 81594
8
85813 80278
85938 80311
85697 80662
85979 80611
85436 81034
85699 80588
85617 80439
85813 80278
9
89943 63618
90165 63476
90868 63121
91138 63142
91001 63330
91225 64292
90922 63713
90351 64782
89943 63618
11
49111 96510
48670 96206
49773 96178
49331 96188
49421 95107
49679 95083
49993 94960
50091 95868
50276 96486
49424 96480
49111 96510
5
93931 37199
93625 36983
94467 35536
94425 35789
93931 37199
8
88394 13375
88155 13646
88926 14040
88940 14585
88848 14928
87980 14157
88021 13769
88394 13375
9
18982 7931
19504 8589
18443 8017
18405 7894
18524 7757
19014 6955
19425 7005
18732 7652
18982 7931
6
36073 7801
36125 7140
36240 7318
36848 7541
36190 8085
36073 7801
9
68535 8689
68540 8004
69517 7204
69430 8000
69401 8289
69396 8798
69023 8611
68846 8316
68535 8689
10
70905 69696
71045 69385
71024 69101
71261 69337
71927 68942
71741 69289
71726 69514
71420 69563
71216 69716
70905 69696
11
98471 3420
98180 3045
98218 2480
98431 2899
98532 2469
98713 2622
98787 3584
98739 4116
98628 4029
98305 3327
98471 3420
6
87177 55414
88055 55697
87051 56210
87234 57371
86561 56908
87177 55414
5
46694 28567
46556 28708
46043 28507
46473 28011
46694 28567
10
53055 3844
51838 3804
51378 3505
51275 3392
51477 3181
53087 3060
53067 3693
52806 3449
53132 3785
53055 3844
9
73184 67226
73052 67371
72575 67238
73505 67668
72972 67547
72529 67269
72816 66984
72637 66540
73184 67226
10
83528 29665
83558 29807
83252 29750
83758 30539
82735 29859
82194 30197
82289 29803
82639 29306
82512 29163
83528 29665
4
70118 58106
71673 57399
70860 57775
70118 58106
9
68530 58363
68441 58473
67914 58673
68071 58150
68229 58156
68551 58228
68156 58287
68194 58385
68530 58363
5
61525 53046
62008 52544
61183 53853
60308 53612
61525 53046
5
96291 4079
96425 3374
95955 3295
96976 2594
96291 4079
6
14871 68374
15261 68512
15381 68988
15076 69690
14918 69950
14871 68374
10
5392 83657
5602 84414
5340 84318
5158 84683
4922 84281
5068 83918
5007 83895
4869 83975
4954 83670
5392 83657
10
50729 46962
51017 46818
51340 47413
51492 47133
51778 46783
52023 47238
51873 47701
51627 47979
51093 47790
50729 46962
4
75204 32048
74623 31742
75812 30562
75204 32048
9
27866 79742
27252 79641
27750 79615
27543 79578
28419 78382
28854 78325
28745 79204
28449 79635
27866 79742
10
4881 96832
4210 96679
4608 96946
4945 97265
4528 97268
4172 96768
4197 96690
3999 96518
4076 96506
4881 96832
8
73063 83310
72846 84003
73234 83774
73444 83277
73194 83972
72579 84101
72799 83293
73063 83310
4
55413 71128
56010 69853
56252 70788
55413 71128
8
80490 12139
81046 12612
80706 13171
80219 13026
80011 12197
80062 11691
80098 12094
80490 12139
10
8690 62839
8865 62543
9299 62692
9798 63120
9772 64027
9174 63376
8796 64081
8698 64497
8740 63412
8690 62839
11
85879 85905
85940 85788
86010 85664
86196 86119
86193 86214
86165 86280
86032 86254
85711 86130
85594 86082
85813 86057
85879 85905
8
45360 92118
45883 91707
46252 92149
46033 92792
44976 93024
45084 92351
45612 92579
45360 92118
5
97127 35628
97113 35103
97326 35316
97667 35265
97127 35628
7
65725 6930
66360 6385
66832 7310
66410 7921
65586 7396
65559 7074
65725 6930
4
35372 70841
36055 71363
35743 71940
35372 70841
6
22681 82518
23216 82564
23458 83117
22600 82870
22587 82602
22681 82518
11
97602 98958
97494 99114
97029 99210
97246 99256
97837 99725
97509 99772
96961 99284
96765 99083
96891 98778
97563 98833
97602 98958
6
85790 50207
85584 50387
85454 50398
85088 48747
86244 49365
85790 50207
9
55922 80501
56087 80287
55705 80419
55597 80450
56447 80090
56306 80594
57192 79997
56138 80928
55922 80501
9
79075 974
79344 952
79725 1353
79871 1681
79748 1910
79429 1499
79444 1626
79244 1625
79075 974
5
31607 83056
30681 82474
31162 82579
31717 82991
31607 83056
11
84238 50926
84543 51000
84533 51090
83723 51154
84040 50997
83999 50885
83489 50557
84546 50782
84028 50721
84023 50742
84238 50926
11
68777 74394
69052 74521
69107 74381
70028 74368
69772 74681
69187 74595
69569 75011
69547 75011
69504 75112
68143 75159
68777 74394
5
5774 29503
4890 29856
5114 29373
6010 29315
5774 29503
8
94436 56489
94414 56838
94552 56868
94026 58432
94427 57030
94066 57337
93793 57591
94436 56489
6
73078 18241
73479 17140
73945 17829
73178 18466
72869 18688
73078 18241
8
72273 74396
71534 74876
71395 74608
71438 74404
72242 73122
72360 73294
72768 74372
72273 74396
9
61143 76300
60634 77187
60191 76771
60125 77018
59925 76397
60043 76219
61282 76192
61350 76236
61143 76300
9
56936 62300
56157 62497
56137 62340
56132 62102
56176 62247
57640 61992
57187 62278
57892 62236
56936 62300
8
39139 7519
38593 6713
39413 6768
39601 6845
39536 7058
39771 7472
39269 7200
39139 7519
8
51011 68741
50877 68099
51208 67863
51202 68118
51763 68017
51298 68223
52036 68501
51011 68741
11
51466 36196
51435 36213
51682 36056
52029 36149
52773 36476
52743 36850
52263 37095
51580 37060
51255 36575
51969 36643
51466 36196
11
8612 97477
8700 97932
7791 98023
7727 98073
7394 97850
7566 97575
7219 97123
8432 97409
7987 97725
8317 97732
8612 97477
5
61195 87884
62515 86942
62329 87112
62434 87603
61195 87884
4
65639 11027
66405 12231
64751 10588
65639 11027
7
20161 85841
19935 85594
19815 85433
20091 85567
20466 86074
18830 85557
20161 85841
10
4844 61636
4361 60807
4870 61055
5434 60984
4968 60345
6084 60783
5517 61569
5017 61522
4873 61623
4844 61636
7
48126 13327
48109 13227
48425 13242
48444 14227
47746 13411
48174 13562
48126 13327
11
33560 42200
33182 41975
33239 41744
33479 42104
33670 41732
33316 41395
33664 41399
33786 41675
33795 41799
33647 42000
33560 42200
4
4942 8417
4684 8274
5814 7144
4942 8417
5
64971 18749
65137 18998
64404 20190
63685 18646
64971 18749
5
65317 63953
65888 63943
65730 64516
65422 64296
65317 63953
7
47987 44254
48090 44601
48211 45818
47924 44937
48145 45688
47579 44242
47987 44254
6
14555 77588
13632 77481
13044 76828
13417 76951
13535 77187
14555 77588
11
90729 50699
90486 50816
90686 50523
90371 50793
90133 50821
90049 50674
90033 50465
90019 50320
90891 50177
90886 50319
90729 50699
7
22211 90263
22482 91499
21375 91624
21960 91377
21520 91143
21802 90375
22211 90263
9
29736 22795
29384 22919
29561 22661
29908 22780
30048 22928
30487 22585
30298 23090
30479 23226
29736 22795
5
31619 31349
31142 31050
31478 30240
31657 31120
31619 31349
11
66786 34084
67036 33930
67108 34086
66836 34371
67193 34132
67135 34446
66717 34693
66413 34735
66502 34542
66690 34478
66786 34084
9
3184 41744
3922 41134
4568 41605
4514 41654
4104 41888
4370 42349
3184 42051
3352 41841
3184 41744
6
9689 96541
9717 96433
10396 97397
9712 97345
9856 96826
9689 96541
10
1405 90357
2202 90812
3101 90399
3358 91061
2250 91206
1688 91319
2955 91606
2412 91790
1403 91329
1405 90357
6
22554 74773
23236 73851
22969 74534
22767 75249
22644 74812
22554 74773
11
56615 55486
56954 55697
55952 55903
55970 55712
56240 55020
56391 55053
56219 55506
56593 55195
56946 55241
57047 55369
56615 55486
9
83779 84667
83683 83818
84182 83108
84436 82932
84426 83350
84466 84647
84419 83739
84154 84241
83779 84667
6
71334 52357
71643 52194
71999 53199
71131 53988
70978 52960
71334 52357
4
16994 26443
16984 25908
17749 25501
16994 26443
10
256 40524
579 41686
623 41916
266 41832
58 41396
100 39946
245 41532
557 41799
172 40189
256 40524
7
56780 53934
56820 53781
57340 53296
58427 54517
58006 54979
57643 55027
56780 53934
10
16924 38372
16844 38626
17044 38894
17117 38712
17205 39155
16635 38690
16542 38435
16550 38152
16817 38281
16924 38372
4
65103 21131
65011 19344
66079 20380
65103 21131
6
34027 50247
34008 50212
34119 49639
34656 49623
34696 49775
34027 50247
10
89237 37230
89130 37528
89371 37914
89027 37763
88704 38102
88393 37995
88931 37825
88621 37061
89101 37017
89237 37230
7
77524 82577
77997 82972
78294 83321
79006 83221
78351 84113
77433 84142
77524 82577
8
45325 45700
44936 45371
44993 46686
44663 46088
44837 45149
44859 45057
45271 45451
45325 45700
5
81204 41074
81197 41166
81077 40760
81685 41630
81204 41074
5
83545 61331
83172 61781
81570 61694
82406 61086
83545 61331
9
35910 49664
36467 49719
36359 49775
36598 49673
37017 50241
36190 50147
35846 50019
35982 49876
35910 49664
7
75551 5985
75702 5904
76176 6046
76409 7746
75261 7698
75040 7109
75551 5985
10
95341 99012
95321 99078
95653 99456
95636 99265
95725 99637
94855 99629
94736 99375
94609 98930
95402 98736
95341 99012
7
2280 5542
1965 6255
1457 6991
1533 6734
1191 6907
1684 6434
2280 5542
4
80015 83220
79386 82762
79298 82441
80015 83220
4
33140 9158
34661 8024
33706 9125
33140 9158
8
24321 23440
25147 22999
24865 23074
24424 22399
24701 21803
25114 22514
25210 23000
24321 23440
5
57476 57442
58258 57433
57305 57919
57191 56946
57476 57442
10
70466 66507
70481 66158
71474 65603
70818 66418
70952 66736
71190 66883
71258 66485
71425 67133
70506 66889
70466 66507
8
96815 98373
96499 98951
95762 98625
95634 98515
96706 98451
96285 98455
96865 97490
96815 98373
8
62287 11887
62157 11348
62205 11242
62030 11442
62228 10860
62375 10978
62533 11157
62287 11887
11
11274 19722
11940 19778
11954 19853
11811 20823
11442 21005
10990 20856
11186 20561
11299 20459
11576 20564
11410 20170
11274 19722
6
4687 14730
4850 14483
5446 14414
5264 15181
5175 15302
4687 14730
10
56898 33658
57074 33565
57128 32846
57659 33286
57691 34139
57403 33334
57128 33454
57319 33907
56903 34379
56898 33658
8
39433 73301
40887 72275
41244 73818
40674 72904
40004 73689
40042 73244
39824 73819
39433 73301
10
21228 66916
21377 66821
21421 66871
21492 66997
21368 67290
20831 66821
20959 66822
20873 66778
21285 66846
21228 66916
5
53678 8844
53853 9154
53385 9322
53220 8499
53678 8844
8
51696 50576
51904 50556
51605 50479
52194 50226
51996 50743
51623 50813
51526 50496
51696 50576
7
3715 18842
4344 18815
4248 19401
3523 19549
3518 19550
3494 19399
3715 18842
4
72280 36711
73789 35244
73351 36074
72280 36711
4
97061 87378
97701 88723
97668 88713
97061 87378
4
21904 23025
21387 24050
20548 24303
21904 23025
4
90642 19107
90058 18450
90932 19041
90642 19107
7
599 10132
493 9670
98 9331
176 8275
539 8977
339 8716
599 10132
4
32103 84790
31790 84307
32732 85498
32103 84790
11
26458 74250
26357 74360
25908 73761
26078 73870
26626 73794
26123 73772
26733 73793
26736 73997
26668 74370
26007 73866
26458 74250
7
44674 32255
44882 31867
45083 31942
45450 32326
45177 32495
45132 32769
44674 32255
10
88439 82320
88642 82300
88013 82798
87928 82513
87771 82547
88439 82287
88119 82264
88118 82237
88564 82259
88439 82320
4
38815 33820
38101 34302
38167 32645
38815 33820
10
33624 46677
33831 46571
33566 46925
33853 47349
33546 47756
33308 47094
33432 46809
33429 45982
33549 46517
33624 46677
4
7607 42955
8257 41790
7942 43372
7607 42955
11
54023 71633
53625 71943
53351 71971
53126 71809
53238 71770
53188 71297
53070 71750
53190 71135
53717 71520
53959 71543
54023 71633
8
69280 11881
69227 11741
69463 11137
69520 11024
69995 12159
70268 11040
70379 12959
69280 11881
9
91622 97095
91657 98195
91358 97149
91229 96817
91434 96668
91755 96916
91688 96940
91395 96963
91622 97095
9
55563 98918
55620 98324
55658 98628
55567 99247
54988 99051
55289 98405
55392 98966
55328 99126
55563 98918
4
542 87385
1095 86534
1202 87885
542 87385
6
43895 40796
43856 40888
42937 41687
43332 40603
43909 40506
43895 40796
10
625 85938
468 85923
232 84728
589 84448
542 85889
603 85676
725 84504
1415 84782
922 85596
625 85938
8
44955 79565
44584 79703
44775 79629
44822 79514
44527 79370
44133 79133
44555 79017
44955 79565
10
2592 85111
2957 85404
2649 85810
2498 86017
1632 86104
1764 86042
2016 85931
2571 85366
2070 85230
2592 85111
7
22947 60758
22673 60076
22246 59484
22710 59873
22774 60214
23006 60394
22947 60758
9
22405 22410
22666 21814
23319 22576
23754 22204
24072 22421
23168 22748
22775 21957
22806 22697
22405 22410
4
55492 75978
56916 76675
57456 77020
55492 75978
4
81446 2336
80901 2900
81025 1993
81446 2336
7
6764 42445
6390 42218
6393 41598
6576 41275
7532 41249
7001 41390
6764 42445
4
8082 96527
7534 95940
8251 96543
8082 96527
7
65136 14290
64924 14347
64016 14581
64774 13821
64993 14050
64277 14502
65136 14290
7
38689 12772
38196 14053
37728 14772
37707 13862
38303 13432
38619 12874
38689 12772
7
88737 54312
88815 54156
88262 55427
87941 55327
88566 54475
88384 54242
88737 54312
11
73561 8529
73761 8246
73823 9137
73988 9291
73864 8534
74166 8923
74060 9251
73737 9455
73505 9258
73330 8617
73561 8529
7
87135 4554
86992 3777
87659 3932
87949 4899
87821 5503
87335 4611
87135 4554
10
13409 13105
13454 13733
13586 13875
13167 14441
13540 14781
12974 14565
12946 13262
12992 14469
12947 13211
13409 13105
9
51367 34109
52369 33788
52930 33797
53241 33998
52067 34244
52537 34308
52032 34360
51698 34293
51367 34109
6
44995 4123
44957 3689
45037 3650
45516 4109
45386 4833
44995 4123
10
75864 12257
76108 11949
75784 12138
76065 11635
76021 11597
75780 11035
76565 12004
76079 12286
75899 12226
75864 12257
5
64942 85836
63589 87566
63540 86389
63956 85761
64942 85836
6
92831 54982
92470 55515
92723 55516
92124 55778
92577 54996
92831 54982
6
33354 81401
33699 79710
34660 81327
33714 81071
33368 81452
33354 81401
7
29450 92577
29695 92127
29311 91868
29857 91754
30554 91697
30686 91998
29450 92577
4
95024 52418
93972 52795
94415 51077
95024 52418
7
62576 69837
62188 69588
62734 69873
62725 70732
61558 70768
61794 69899
62576 69837
5
66833 86677
66802 86408
68141 86532
67990 86926
66833 86677
10
50071 86738
50205 86882
50418 87388
50653 87961
50663 87989
50448 87684
50170 87441
50351 88579
50050 87845
50071 86738
11
91418 25079
91420 25159
91749 25861
91514 25464
91111 25853
91060 24227
91975 24861
91937 25210
91928 25246
91944 26018
91418 25079
4
26064 11900
27179 11240
28024 12621
26064 11900
5
13219 80250
12533 80562
13017 79736
13158 79950
13219 80250
6
11565 56282
11480 56016
11681 55560
11980 55297
12224 55763
11565 56282
5
61068 62736
59822 62632
59560 62462
59552 62019
61068 62736
11
25946 90249
26547 90524
26428 90444
25958 90239
26336 90011
26553 90496
26562 90831
26039 90834
25953 90394
25623 90636
25946 90249
4
97488 61114
98989 59915
98644 61595
97488 61114
11
92074 28044
91839 28862
91213 28959
91532 28489
91514 28237
91251 27675
91510 27250
91459 27159
91348 27017
92253 27981
92074 28044
4
50299 21211
51617 20710
52119 21762
50299 21211
8
49592 49697
49374 49961
48323 49622
48425 49231
49784 49256
49068 49355
48527 49677
49592 49697
6
97889 84186
98229 83649
98177 84215
97502 84338
98145 83165
97889 84186
7
98074 95671
98296 95144
98308 95134
98576 95154
98378 95307
98052 95898
98074 95671
4
20238 68429
19383 68466
19890 67478
20238 68429
4
55627 67716
55531 67148
56709 67862
55627 67716
9
8639 31925
8857 32953
8851 33061
8239 33209
8257 32795
8561 32581
8470 32735
8756 32865
8639 31925
7
4906 26729
5378 26260
6515 26507
5997 26868
5697 27013
5129 27092
4906 26729
4
12309 23341
12962 21921
13131 23023
12309 23341
9
31529 32685
31697 33032
31947 33472
31543 33138
31366 33435
31373 32787
31557 32607
31830 32486
31529 32685
9
84803 3074
84825 2838
84282 2834
85350 3492
84003 2939
84237 2832
84931 2655
85498 3277
84803 3074
5
41386 49518
42147 49589
42209 48968
42477 49670
41386 49518
7
97542 17854
97703 17558
97385 17650
97216 17172
98136 16820
98179 18446
97542 17854
11
95398 24452
95504 24449
95579 24596
96029 24440
95830 24803
94921 25534
94587 24425
95368 24387
95599 24383
95581 24392
95398 24452
