900
19444 88186 16424 83533
16424 83533 22750 82752
19444 88186 25426 90176
16424 83533 16102 89459
16424 83533 18049 77528
22750 82752 29523 83933
18049 77528 29523 83933
25426 90176 27369 95410
25426 90176 20916 87268
25426 90176 22750 82752
18049 77528 14379 72773
27369 95410 20719 93410
29523 83933 34993 85117
34993 85117 39749 86840
29523 83933 25426 90176
25426 90176 30545 94762
39749 86840 42870 91735
42870 91735 37887 95282
42870 91735 47510 95690
42870 91735 25426 90176
39749 86840 25426 90176
27369 95410 21724 95668
20719 93410 14559 93806
37887 95282 44766 95832
14379 72773 17881 68451
18049 77528 13505 74463
44766 95832 38516 96443
27369 95410 33842 98008
16102 89459 27369 95410
13505 74463 11387 79571
29523 83933 34609 84010
16102 89459 25426 90176
21724 95668 15791 97395
11387 79571 8600 85640
42870 91735 42735 86640
30545 94762 27369 95410
14379 72773 13505 74463
8600 85640 15067 83352
47510 95690 43929 99811
27369 95410 21888 97091
16102 89459 10841 88079
17881 68451 12851 68232
29523 83933 29379 78548
15791 97395 11575 91946
33842 98008 28723 97624
14379 72773 19170 70493
28723 97624 22335 98070
8600 85640 5029 90972
19170 70493 24313 68353
24313 68353 27656 74229
29523 83933 34609 86332
27656 74229 23034 70451
8600 85640 12877 82113
19170 70493 21350 64750
18049 77528 21592 73004
20719 93410 16102 89459
12851 68232 17970 64429
8600 85640 16102 89459
33842 98008 38931 98905
42870 91735 49789 92335
13505 74463 9883 78314
9883 78314 5029 90972
15791 97395 11442 94495
17881 68451 12524 69536
29379 78548 33213 74132
49789 92335 47944 98107
49789 92335 43889 89587
43889 89587 47563 86152
29379 78548 32137 72556
12877 82113 15351 77652
15067 83352 16102 89459
27656 74229 26955 67991
17970 64429 21350 64750
49789 92335 54928 94664
34609 84010 33213 74132
38931 98905 35392 95033
26955 67991 30558 72020
43889 89587 45207 82989
22335 98070 16657 98541
54928 94664 53262 89810
21724 95668 21888 97091
45207 82989 48734 77931
11575 91946 6796 96184
48734 77931 47563 86152
18049 77528 15067 83352
45207 82989 39383 79404
32137 72556 48734 77931
38931 98905 44074 97862
47944 98107 47510 95690
53262 89810 58774 85540
48734 77931 47983 71583
48734 77931 33213 74132
32137 72556 29247 67637
16102 89459 9313 90797
47983 71583 49522 65610
29247 67637 34880 67682
43929 99811 47944 98107
48734 77931 53262 89810
34880 67682 30660 62513
15351 77652 11387 79571
9883 78314 4964 79680
12851 68232 7716 67398
37887 95282 43844 94692
43889 89587 48997 89425
42870 91735 37683 88581
49522 65610 43988 63348
34880 67682 39938 71300
34880 67682 34470 60730
34470 60730 38743 57912
15791 97395 10666 97144
34880 67682 32649 62116
27369 95410 32314 96171
7716 67398 4715 62956
7716 67398 6222 61164
5029 90972 9772 88585
34609 84010 36093 77525
49522 65610 47579 59220
30660 62513 25784 58999
28723 97624 23772 99510
14379 72773 9365 69279
32649 62116 29575 57863
6222 61164 12717 63123
34609 86332 39749 86840
29247 67637 26955 67991
47983 71583 43590 68742
43889 89587 42870 91735
43988 63348 44839 56963
14559 93806 21724 95668
6222 61164 1268 60232
34880 67682 28728 65403
38743 57912 33676 57184
12717 63123 17594 59047
39383 79404 36989 84406
4964 79680 1203 75568
4964 79680 2074 83807
21350 64750 27519 65828
54928 94664 51433 98800
9365 69279 4200 69635
43988 63348 40417 67249
44839 56963 46526 61816
12717 63123 9431 57809
29523 83933 25544 79167
27656 74229 21592 73004
22335 98070 23772 99510
47579 59220 53244 58668
2074 83807 5029 90972
17594 59047 16750 54036
16750 54036 11348 58077
27656 74229 32137 72556
42870 91735 37549 92289
27519 65828 21848 67926
6796 96184 363 95436
5029 90972 484 93571
32137 72556 26673 76485
49522 65610 49582 71791
43590 68742 43805 74426
9431 57809 3826 59551
58774 85540 61635 80329
58774 85540 57193 80472
2074 83807 1479 78688
11348 58077 8544 51880
21592 73004 25898 75553
11348 58077 7543 52266
25426 90176 30142 92471
9431 57809 2768 57374
1203 75568 977 70238
53244 58668 59578 60892
49789 92335 50762 97688
48734 77931 43889 89587
58774 85540 59519 79313
47983 71583 50924 76065
43988 63348 41690 68783
37549 92289 31692 93954
2768 57374 2622 51461
44839 56963 42865 50424
42865 50424 37008 48924
17594 59047 21990 53645
58774 85540 54993 81831
40417 67249 39651 60532
48734 77931 53833 78760
29575 57863 24111 54233
46526 61816 45933 55870
49522 65610 54795 62846
61635 80329 60581 74334
1203 75568 7188 75506
28723 97624 27369 95410
58774 85540 62320 89806
37008 48924 34722 54551
4200 69635 7716 67398
9313 90797 3879 93643
54795 62846 58248 67426
12717 63123 8036 60551
61635 80329 67506 79119
34722 54551 29986 50724
61635 80329 62449 86133
21350 64750 20083 59872
20083 59872 17594 59047
7188 75506 11504 72011
53262 89810 56892 95250
363 95436 6930 97439
49582 71791 56253 73644
45207 82989 42973 78211
32137 72556 37463 72384
59578 60892 58222 54945
60581 74334 54155 74979
54928 94664 59091 99374
60581 74334 66773 74496
29575 57863 27544 53179
59578 60892 60165 55786
25544 79167 32137 72556
42865 50424 39852 46198
58248 67426 52846 68698
7716 67398 12524 69536
58248 67426 52261 66486
56892 95250 63606 95707
20719 93410 15838 90551
29986 50724 27225 45743
42865 50424 43678 57146
58248 67426 62969 70669
16750 54036 12197 58725
11504 72011 5867 72710
39383 79404 40862 86010
12851 68232 17037 63553
9883 78314 5647 82791
53244 58668 50095 53839
62449 86133 66689 83231
4200 69635 4715 62956
7543 52266 6717 45391
29986 50724 24969 45987
39852 46198 38706 40449
50095 53839 55575 54020
58248 67426 63077 69457
4715 62956 1203 75568
7716 67398 12556 65033
6717 45391 12458 44762
29575 57863 23380 56484
14379 72773 20481 72473
28723 97624 35126 99730
47579 59220 47836 53810
29986 50724 24115 53119
32314 96171 38931 98905
38743 57912 40285 53034
29986 50724 24630 49429
15791 97395 9313 95701
484 93571 817 87169
15791 97395 10779 98398
29986 50724 32536 55864
48997 89425 49276 83286
9431 57809 4967 54999
26673 76485 25544 79167
36093 77525 41457 78589
53244 58668 57359 62439
56253 73644 59932 70203
42865 50424 37146 47832
61635 80329 58897 75953
5029 90972 3409 84371
63077 69457 65236 64871
27225 45743 25128 39852
39852 46198 45857 47219
6717 45391 5984 39989
48734 77931 53929 76147
65236 64871 70095 69322
45857 47219 52595 48372
12556 65033 17840 61523
25426 90176 26975 85396
59519 79313 57193 80472
45857 47219 42594 41976
37887 95282 35392 95033
27519 65828 25920 60820
1268 60232 1125 55166
66689 83231 63956 87848
12458 44762 10921 39674
49522 65610 52455 59875
10921 39674 9112 34551
38706 40449 43448 37125
6717 45391 11197 48394
20916 87268 16424 83533
11197 48394 11664 54622
9112 34551 25128 39852
57193 80472 51376 80286
34722 54551 38191 50866
66689 83231 71967 85883
59578 60892 63004 65901
16102 89459 10069 89628
39651 60532 41528 54217
59578 60892 64996 62707
50095 53839 55232 57479
6717 45391 986 43548
60165 55786 63455 51394
977 70238 4715 62956
53262 89810 53878 84693
6717 45391 2566 42036
60581 74334 65471 69949
4967 54999 5225 48568
24969 45987 18636 48353
43590 68742 49522 65610
63606 95707 69943 94861
16750 54036 21723 49819
2566 42036 5984 39989
27225 45743 21138 42668
70095 69322 60581 74334
16750 54036 14187 59032
18049 77528 20481 72473
25920 60820 25784 58999
49582 71791 51139 66664
45857 47219 41677 44179
66773 74496 71992 75785
71992 75785 75461 71322
45857 47219 52060 45371
67506 79119 71967 85883
69943 94861 65937 98513
43448 37125 48392 38584
42735 86640 43889 89587
38706 40449 33264 44049
38706 40449 32741 42983
58248 67426 58742 62429
49789 92335 50475 86808
32741 42983 30655 37432
9112 34551 6128 29599
363 95436 5029 90972
36989 84406 40862 86010
37008 48924 31068 45272
49522 65610 53214 62154
21350 64750 21773 58660
10666 97144 4207 99822
47836 53810 52441 51463
52060 45371 45722 44485
23772 99510 29724 99718
3879 93643 5029 90972
63455 51394 58890 46371
24969 45987 19503 44113
58890 46371 64389 43147
6717 45391 321 45077
38706 40449 37146 47832
38706 40449 44781 40048
10921 39674 15769 41801
42594 41976 49285 42133
12458 44762 17186 46813
66689 83231 68211 88301
45933 55870 47689 49313
64996 62707 70829 66087
52595 48372 52441 51463
58774 85540 53878 84693
27519 65828 29247 67637
27656 74229 26673 76485
6128 29599 11888 29224
67506 79119 73604 77457
27225 45743 31080 49822
68211 88301 74340 86266
58248 67426 54000 70134
42870 91735 41603 86728
12458 44762 15006 50174
60581 74334 66542 76627
43805 74426 39938 71300
32741 42983 26913 39237
58222 54945 58897 49023
59578 60892 65522 60957
58890 46371 64902 45581
37146 47832 31654 44344
64389 43147 68530 46875
63606 95707 63956 87848
38743 57912 38839 51998
56892 95250 56103 89947
68530 46875 69611 52019
48392 38584 47698 33020
64389 43147 70937 43969
48392 38584 54749 39076
69943 94861 65069 96805
5225 48568 179 47097
33213 74132 31372 79870
70095 69322 75619 65717
11664 54622 9177 49139
47698 33020 52772 37025
26913 39237 29107 43988
21773 58660 24832 63413
50095 53839 55675 51488
52060 45371 56945 48654
68211 88301 72868 91799
52595 48372 47836 53810
363 95436 4528 98576
47836 53810 49413 49048
72868 91799 69936 97600
26955 67991 27519 65828
34880 67682 38519 63941
1203 75568 1479 78688
72868 91799 73227 97458
47698 33020 52294 35358
52060 45371 52873 40189
54749 39076 57136 34682
68530 46875 67947 52353
43448 37125 43971 30682
1125 55166 2622 51461
65522 60957 70791 56760
56253 73644 51818 70572
6128 29599 10936 26162
70791 56760 74299 53064
986 43548 832 36618
6717 45391 8396 50834
43971 30682 32741 42983
9112 34551 2875 35493
24313 68353 26955 67991
57136 34682 52294 35358
17186 46813 18896 40782
32741 42983 32897 37431
34993 85117 34609 86332
832 36618 1222 30105
11197 48394 14835 52609
38743 57912 33597 59906
71967 85883 73281 80280
75619 65717 74271 60842
25544 79167 20668 76579
11888 29224 17214 32127
75619 65717 72068 60044
74299 53064 68725 54586
63077 69457 59978 64418
70791 56760 60165 55786
74271 60842 80536 62822
74340 86266 80447 88613
80447 88613 75716 85057
74299 53064 75838 58729
74299 53064 71105 58168
63956 87848 68211 88301
21592 73004 20668 76579
67506 79119 63707 82668
54749 39076 60947 37702
6717 45391 8757 39051
32649 62116 30159 56078
67947 52353 63582 47782
24969 45987 18674 46313
39938 71300 33791 70741
60165 55786 58897 49023
17214 32127 26913 39237
52873 40189 57493 43187
30655 37432 28522 31878
75461 71322 81032 67290
7716 67398 12591 66284
4715 62956 1102 67717
60947 37702 67696 39475
68211 88301 74625 88836
47698 33020 44890 28494
9177 49139 11348 58077
28522 31878 33235 28396
11504 72011 8566 76711
39383 79404 42386 85008
59091 99374 64211 98120
65522 60957 71785 61639
38706 40449 41903 34707
60947 37702 56863 41038
47698 33020 51551 27267
4967 54999 6190 49881
17214 32127 22828 33391
70937 43969 73358 49051
57493 43187 56863 41038
81032 67290 86481 66594
832 36618 6459 37269
29986 50724 33458 55065
17214 32127 23733 29859
67696 39475 70092 34135
1203 75568 5632 78400
57136 34682 52913 29631
80447 88613 85856 90306
44890 28494 49756 27008
86481 66594 85969 72881
74625 88836 79799 92341
85856 90306 83337 85624
65236 64871 69958 66919
74299 53064 79175 49012
16424 83533 21195 85407
11575 91946 5862 94327
43929 99811 49438 99689
74299 53064 76871 58163
62320 89806 57144 90110
45722 44485 50768 42956
85856 90306 89306 84958
44890 28494 43711 21771
44890 28494 48032 22450
43711 21771 47071 15817
11888 29224 18233 26329
57136 34682 47698 33020
11575 91946 15838 90551
28522 31878 32653 27113
43844 94692 44766 95832
16102 89459 22502 91505
86481 66594 91800 66525
32653 27113 36859 21988
34609 86332 29040 87349
26913 39237 25140 33750
85856 90306 80512 86922
70937 43969 77098 42275
52913 29631 57585 25514
43711 21771 44649 16686
40417 67249 42219 61313
34722 54551 32394 49710
28522 31878 23345 31625
72868 91799 71069 98398
36859 21988 35922 16257
67696 39475 72895 35698
18233 26329 12643 27132
32653 27113 26917 30177
89306 84958 90498 78935
18896 40782 13415 37385
79799 92341 76992 98278
10936 26162 13572 20306
18233 26329 15388 21401
83337 85624 77383 83155
51433 98800 57257 99694
28522 31878 34572 32410
21592 73004 25303 76446
51551 27267 49791 32357
44890 28494 45150 35028
77383 83155 81955 80317
6717 45391 12099 47160
23772 99510 17864 99620
63956 87848 68056 92453
35922 16257 40759 18320
44890 28494 40543 32355
32653 27113 23733 29859
36859 21988 33186 17206
40759 18320 37685 13970
54749 39076 59713 34872
60165 55786 65315 53996
43711 21771 48658 18420
60947 37702 67199 36496
80536 62822 81642 56914
52873 40189 46657 40347
91800 66525 95042 70456
24630 49429 20299 52532
89306 84958 83962 84256
37685 13970 31784 11582
41457 78589 35437 75938
79799 92341 84368 97393
38839 51998 38191 50866
51551 27267 56849 23020
13572 20306 10416 16357
32653 27113 27262 22780
91800 66525 91978 71977
81032 67290 86728 65291
86728 65291 87469 58495
57136 34682 61469 31647
9112 34551 4036 33763
87469 58495 92743 56155
75619 65717 70757 64225
69943 94861 68211 88301
23733 29859 25901 24396
91800 66525 98054 64825
58890 46371 62806 42774
48734 77931 46274 72883
11888 29224 16595 33178
4207 99822 10679 99602
33186 17206 30283 11325
25426 90176 37549 92289
44890 28494 45748 21732
75619 65717 81655 64350
30283 11325 28588 16186
95042 70456 98936 65475
42735 86640 45207 82989
47071 15817 44422 11208
63582 47782 66495 53825
25784 58999 29786 63481
74340 86266 78784 90281
73281 80280 79403 80359
6128 29599 5440 24394
61469 31647 65955 34553
70937 43969 71025 48995
27262 22780 32301 20881
9112 34551 3030 31990
72868 91799 77989 92604
80536 62822 85862 60237
79799 92341 82200 98005
86481 66594 91978 71977
77098 42275 79572 37354
44649 16686 40377 22043
65955 34553 64508 29542
6128 29599 3249 24842
56849 23020 63100 23752
79403 80359 74935 75978
40543 32355 37212 26700
57585 25514 61584 29765
70092 34135 65653 29412
12197 58725 14187 59032
17214 32127 21006 26768
76871 58163 79325 52515
70937 43969 72183 37894
51139 66664 51818 70572
64508 29542 65902 24451
90498 78935 85905 76207
34880 67682 29217 64445
18233 26329 17484 20248
40759 18320 43646 13951
48658 18420 48924 11891
83337 85624 89306 84958
79572 37354 82022 42613
71967 85883 67646 81232
6717 45391 9177 49139
43711 21771 41875 28055
74299 53064 76993 48255
56849 23020 54989 17148
27262 22780 22866 17334
92743 56155 93119 62369
51551 27267 51098 21748
63100 23752 67001 18429
56863 41038 63083 40364
6128 29599 108 26193
50762 97688 54928 94664
33235 28396 37832 31761
34572 32410 33235 28396
54000 70134 52846 68698
82200 98005 76110 99944
25128 39852 18974 38958
29523 83933 28209 78467
44781 40048 46657 40347
85905 76207 87358 82215
15388 21401 12397 16370
81642 56914 78404 61016
54928 94664 51930 90480
72895 35698 77837 32007
75619 65717 74094 70665
12643 27132 14693 22301
23733 29859 28558 25909
70791 56760 65388 57573
77098 42275 73352 36848
12397 16370 17478 15399
87469 58495 91147 52949
17186 46813 14169 42430
75461 71322 82263 71004
12397 16370 9121 11947
21773 58660 23062 53585
40759 18320 37607 24032
89306 84958 94873 82667
70095 69322 66578 73188
63100 23752 63306 18522
54989 17148 56322 10758
17478 15399 15436 10037
67001 18429 72963 16247
76992 98278 82200 98005
37832 31761 34142 35437
72963 16247 77894 12538
94873 82667 93669 87858
38191 50866 37008 48924
65902 24451 61621 28054
94873 82667 95310 88034
3249 24842 7296 20269
85905 76207 75461 71322
90498 78935 96476 77117
56849 23020 62144 21137
67001 18429 67240 25128
81642 56914 86145 52944
63606 95707 58611 92358
86145 52944 85979 58566
89306 84958 92123 90316
48924 11891 42714 8724
95042 70456 90424 75079
57136 34682 58626 29708
26913 39237 23794 34885
51098 21748 50072 16463
37685 13970 37786 8608
33186 17206 27361 18725
90498 78935 94873 82667
92743 56155 93015 50282
84368 97393 88839 94679
77837 32007 76326 37644
56322 10758 51127 11746
87469 58495 91820 62266
19170 70493 17881 68451
10416 16357 9751 21682
36859 21988 34883 27812
82022 42613 81777 37568
65653 29412 72029 27369
9121 11947 4319 10238
88839 94679 93376 99039
72963 16247 76703 20873
37786 8608 40409 13285
67240 25128 71375 19849
72029 27369 77108 25403
77837 32007 82736 30262
76703 20873 80068 24796
76703 20873 82057 23353
32649 62116 28760 58826
22866 17334 20631 23834
15436 10037 21079 10043
7296 20269 7002 26423
12397 16370 10675 10699
91147 52949 92692 46833
77894 12538 78837 19405
84368 97393 86425 91768
10416 16357 3739 15330
90498 78935 86481 66594
54989 17148 54697 23013
36859 21988 31995 23714
95310 88034 97955 83008
79572 37354 83876 34171
10675 10699 5578 7570
60581 74334 56253 73644
77894 12538 72488 10200
72895 35698 75251 30948
16750 54036 16517 48249
21079 10043 27361 18725
22866 17334 28005 20836
92743 56155 95843 60813
48924 11891 54019 15551
85905 76207 82263 71004
82736 30262 77820 26915
92743 56155 98002 58983
92123 90316 97254 89754
91800 66525 89104 62036
59578 60892 55880 56577
59091 99374 63606 95707
79175 49012 81795 54281
37786 8608 33330 5290
92692 46833 97780 47863
27262 22780 21649 24263
37786 8608 42655 4117
37786 8608 34170 2675
93015 50282 99230 51836
92123 90316 92173 85031
79175 49012 85447 48985
72029 27369 72548 33292
5029 90972 1795 86291
76703 20873 82393 22130
56322 10758 49884 9863
77894 12538 82825 17251
85979 58566 88846 52858
56863 41038 62236 41482
83876 34171 78903 32959
1102 67717 2008 61770
73281 80280 73380 85285
79175 49012 77023 54813
82825 17251 85060 23466
54989 17148 59901 12643
93015 50282 99212 48521
92692 46833 92132 41239
31784 11582 32330 5566
15436 10037 21325 8963
86145 52944 83180 58571
78404 61016 79370 55621
68725 54586 73383 51984
1125 55166 121 60589
38706 40449 35662 44772
66578 73188 71703 70923
21079 10043 26172 12974
59901 12643 58584 7364
53833 78760 51376 80286
85856 90306 80571 90454
88839 94679 85915 99429
72963 16247 66183 17012
44649 16686 41428 22662
90498 78935 95545 74208
10416 16357 4696 17519
40409 13285 41682 7982
82022 42613 82856 37546
97254 89754 99374 94585
86425 91768 91513 91475
65902 24451 60821 25490
29986 50724 23591 51804
63306 18522 56752 17629
18233 26329 16179 19718
58897 49023 54726 44435
92692 46833 89090 43091
82856 37546 87883 37719
65955 34553 60339 36297
54989 17148 53125 22519
54749 39076 49545 36721
82825 17251 88507 17997
15436 10037 20977 12813
32330 5566 27558 895
55880 56577 57676 50554
77383 83155 82411 81284
17484 20248 19862 15587
108 26193 4339 21275
77894 12538 77996 5618
60165 55786 64874 59738
66183 17012 60686 15886
92132 41239 97051 44159
37786 8608 36762 2213
49522 65610 51139 66664
92743 56155 95005 62550
86145 52944 81352 50439
72488 10200 73229 3988
67947 52353 65142 47749
76703 20873 72350 17900
31784 11582 36052 8597
64508 29542 67959 35194
5578 7570 10768 7150
95005 62550 99799 60056
92743 56155 98478 57915
10416 16357 4943 13890
18974 38958 24530 42286
80068 24796 84308 30173
53125 22519 52939 17353
88507 17997 90080 24738
80068 24796 73655 22277
87883 37719 93522 39066
79403 80359 74445 84121
72963 16247 70165 11948
59091 99374 65149 99838
59901 12643 60646 7643
48924 11891 44422 11208
82022 42613 88066 39861
10768 7150 13500 11873
5578 7570 656 10496
21006 26768 25901 24396
10679 99602 16161 99773
77837 32007 76080 27310
79175 49012 76234 53127
15436 10037 19141 14220
79175 49012 82944 44042
88066 39861 84981 45269
60646 7643 57179 1812
32741 42983 29107 43988
59901 12643 65733 14203
97254 89754 94807 95370
30283 11325 25876 7557
4339 21275 327 17871
92132 41239 97062 39975
27558 895 23456 3998
30283 11325 29756 6236
21325 8963 15740 5307
97254 89754 93102 93505
90080 24738 94664 28430
42973 78211 41457 78589
88507 17997 91105 13563
39938 71300 35026 69035
90080 24738 93413 28954
42655 4117 48168 4855
92692 46833 88378 51828
12717 63123 16356 58023
19862 15587 14685 17853
93413 28954 98322 31765
65522 60957 70390 63053
41428 22662 39204 28029
4696 17519 133 15024
91800 66525 95005 62550
5225 48568 341 49789
92743 56155 98495 56832
82944 44042 76886 44636
1203 75568 4134 71127
80068 24796 86791 26103
77098 42275 74160 46925
87358 82215 81748 78600
65069 96805 63606 95707
75838 58729 74271 60842
60165 55786 65903 55195
92692 46833 87822 44385
85856 90306 83847 94886
81748 78600 78394 74145
98322 31765 96698 37551
76886 44636 74795 49336
18233 26329 20394 20926
10768 7150 13922 1283
15740 5307 22022 6043
52060 45371 56446 50719
83876 34171 89800 32061
58890 46371 65158 46657
24969 45987 19581 49901
88839 94679 84564 98772
49884 9863 50714 4569
91105 13563 90191 20097
90080 24738 86144 19745
33330 5290 30886 182
44649 16686 40759 18320
41682 7982 46496 6015
60646 7643 66883 4878
89800 32061 84035 32800
82825 17251 82720 11595
65733 14203 64598 9205
94664 28430 93795 23410
51818 70572 52846 68698
59578 60892 63418 64279
57179 1812 51162 2824
77383 83155 83501 83091
82720 11595 87261 15228
50714 4569 57375 5404
9121 11947 3867 12676
90080 24738 86944 19007
73352 36848 72757 42173
90080 24738 87608 29767
77996 5618 82281 9572
82736 30262 78685 25784
72868 91799 76470 96247
81748 78600 77209 76473
77108 25403 72100 24584
81032 67290 84989 71695
65653 29412 70975 32539
24530 42286 21138 42668
5578 7570 5921 1606
76992 98278 71168 99833
67240 25128 72459 22834
76326 37644 73352 36848
73604 77457 67694 77398
78394 74145 84089 77308
78404 61016 81276 55191
10768 7150 15939 8679
94664 28430 99894 31038
82022 42613 85672 38675
87883 37719 93991 37456
72963 16247 67634 13257
18233 26329 19213 20855
92743 56155 99149 53983
25901 24396 22270 28692
5921 1606 2599 7538
200
7
5982 84415
6042 84594
5042 85728
4194 84983
4044 84802
5054 85338
5982 84415
10
333 28180
426 27401
1392 28488
1323 28743
988 28725
515 28413
763 28541
360 28276
303 28189
333 28180
4
31914 92961
31831 93590
31385 91980
31914 92961
4
55521 31512
54847 31383
55913 30589
55521 31512
8
87296 88905
88856 88583
89159 88766
88745 88937
88354 89237
87965 89248
88279 88998
87296 88905
9
97675 3472
97348 3673
97782 4445
97834 4540
96983 4191
97080 3599
96925 3461
98050 3249
97675 3472
7
49518 2027
49591 1998
49947 2110
49688 2424
49550 2270
48520 1808
49518 2027
9
16946 2832
16564 1862
17236 2032
17598 2920
17317 2350
16865 2108
17477 2877
17501 3113
16946 2832
8
1490 4148
1298 3730
1867 3551
1810 3762
1233 4830
1235 4493
1411 4154
1490 4148
7
80323 1646
80844 622
81624 765
81224 1765
80537 1841
80244 1590
80323 1646
10
64386 2594
64128 2758
64298 3175
64033 3402
64160 2995
64023 2994
63762 3400
63891 2854
64145 2498
64386 2594
6
5180 37579
6014 38031
5308 37852
4347 38297
4178 38143
5180 37579
10
80826 11793
80516 12041
80158 11905
80285 11603
80088 11750
80351 11258
80620 11084
80443 11399
80736 11449
80826 11793
5
25529 92015
23807 92767
23757 92091
24516 91804
25529 92015
11
42455 82510
42086 82299
42062 82734
41764 82165
42628 82285
42733 82325
43256 82574
43197 82610
42924 82564
42443 82559
42455 82510
9
80869 3833
80794 4152
80827 3724
80985 2741
81086 2633
81224 2690
80957 3100
81396 3951
80869 3833
11
36522 88791
37204 89230
37096 89303
37354 89337
36704 88742
37406 89186
37066 90583
36602 90739
36566 89223
36607 89614
36522 88791
4
98514 76065
97563 76970
96546 75596
98514 76065
8
18408 15890
18227 15906
18115 15716
17988 15371
18855 15456
18683 15613
18793 15687
18408 15890
5
11427 1492
11109 1941
10881 2121
10993 2016
11427 1492
10
94885 24036
94824 24046
95030 24105
94769 24620
94801 23595
94810 23497
94861 23375
95325 23419
95356 23869
94885 24036
11
72116 6190
71240 6247
71325 5441
70965 5289
70936 5245
70906 5087
72160 5348
70953 5079
72186 5125
72638 5337
72116 6190
4
30499 92141
31136 91995
31337 93891
30499 92141
6
57678 77206
57964 76985
58120 76811
58071 75806
58363 77665
57678 77206
4
79416 45915
79117 47225
78752 46430
79416 45915
11
96595 11264
95699 11772
95911 11743
95975 11963
95539 12011
95481 11353
95600 11128
96324 11256
95845 11558
96543 11147
96595 11264
10
38166 25990
37845 25932
37963 25743
38230 25476
37585 25841
37406 25543
36937 25592
37414 25172
38432 25335
38166 25990
5
88031 13087
89951 13418
88292 13372
88315 13650
88031 13087
5
5331 83122
4449 83578
3846 83981
4553 83251
5331 83122
9
88311 8509
87697 8760
87332 8726
87353 8546
86832 8549
86898 8055
87374 7878
87505 8351
88311 8509
5
19127 41713
19140 41349
20065 41535
20589 41857
19127 41713
4
64134 77550
65686 78032
63703 79162
64134 77550
8
83086 6411
81940 6260
82871 4683
82703 5715
83230 5149
83779 5332
83574 5429
83086 6411
11
10404 2812
10516 1686
10992 2263
11412 1626
11647 1651
11363 2305
11802 1914
11154 3333
10904 3149
10291 3080
10404 2812
9
44996 48378
44991 48336
45571 48684
46196 48858
45798 49035
44854 49120
45240 48985
44373 48421
44996 48378
9
82443 69714
80940 69971
81210 69240
80793 68567
81337 68298
82200 69118
81702 69358
82060 69451
82443 69714
6
44549 6107
44284 6367
45308 6281
43581 6735
43357 6733
44549 6107
7
2562 97997
2832 99028
1352 99385
1268 99172
930 99091
2192 98027
2562 97997
8
42164 53150
42239 52487
42376 53111
42749 53294
42201 53849
41697 52845
41692 52282
42164 53150
10
69933 46939
68894 47157
69036 47012
69297 46658
69376 46333
69294 46804
70081 46551
70498 46548
70295 47126
69933 46939
6
70619 1425
70666 1318
70650 1223
71368 2243
70847 1595
70619 1425
5
68543 23055
68190 23173
68202 22001
68751 22288
68543 23055
9
47110 68940
47019 69476
48016 70082
48014 69159
48103 70135
48059 70144
47261 70279
46598 69673
47110 68940
10
98108 38199
98248 38732
98385 38999
98321 39524
98546 39917
97467 39853
97362 39751
97783 38403
98274 38023
98108 38199
10
55098 77311
54989 77211
54548 76620
53826 77009
54034 76634
54064 76629
54170 75990
54892 76168
55486 76423
55098 77311
6
96374 3589
96404 3413
96768 4773
96716 4708
96160 3159
96374 3589
6
51808 16950
51509 17042
51015 17494
50957 17211
51484 16828
51808 16950
8
72367 2103
72439 1741
72455 1570
72133 1583
72282 1528
72838 1436
73008 1559
72367 2103
6
99704 20508
99553 21005
98549 20400
99329 19880
99590 19915
99704 20508
8
69818 6615
69073 6825
69165 6704
70181 6250
70446 6292
70220 6680
70041 6590
69818 6615
9
75590 72768
75339 72982
75373 72542
75862 72944
75972 73099
75257 73197
75274 72933
75333 73032
75590 72768
8
16940 97425
17419 97132
17862 97424
17734 97785
17568 97855
17282 97936
17043 97792
16940 97425
5
74517 29292
74389 30431
73958 29992
73968 28797
74517 29292
11
22451 86307
22695 86572
22677 86600
23116 87263
21513 87257
21424 87157
21280 87087
21359 86884
21747 86688
22135 86555
22451 86307
4
75056 3259
75132 3994
74040 4453
75056 3259
7
51273 8132
51201 7513
51055 7512
50758 7122
51098 6890
52031 7163
51273 8132
9
41355 41868
41373 42476
40978 42776
40875 42942
40472 42875
40374 42629
40519 42552
40565 42461
41355 41868
10
26713 2984
26961 4596
26028 4210
25882 4689
25864 4682
26021 3585
26378 3634
26776 4445
26235 3240
26713 2984
10
78712 79037
78350 79047
78294 77942
79015 77967
79296 78347
79540 79557
79121 79294
78545 78345
78565 78966
78712 79037
9
44801 52064
45103 51651
44983 52025
44674 52459
44680 52274
44543 51940
44788 51663
44956 51743
44801 52064
9
97242 12289
97564 12284
97404 12439
97002 12721
96910 12337
96412 13581
96445 12398
96105 12352
97242 12289
9
82433 59865
81874 59906
81845 59824
81889 59768
81937 59508
82750 59367
82746 59475
83126 59730
82433 59865
8
58902 42601
58665 42604
58236 42292
57880 42020
58610 41800
58861 41545
59199 41491
58902 42601
8
57753 63119
57787 63425
57825 63807
57713 63725
57476 63543
57284 63706
57406 63132
57753 63119
6
68792 41360
69054 41034
70083 40929
69188 41060
69959 41719
68792 41360
11
39170 61995
38998 62288
38887 62452
38487 62388
38478 62446
38614 62580
38269 62534
37669 62618
37363 61974
37425 62095
39170 61995
9
54868 44106
55443 44560
56213 44461
56371 44660
56535 44014
56771 44759
56090 44918
55723 44962
54868 44106
7
98333 71337
99106 71445
99950 71318
99516 73245
98563 72449
98420 71994
98333 71337
4
15524 92153
14650 93169
13944 93207
15524 92153
5
48752 70896
48926 70778
49239 70800
48413 71818
48752 70896
11
96837 66943
96760 67503
96346 67631
96285 67621
96172 67572
96267 67325
96173 67481
96384 67075
96440 67072
96575 67107
96837 66943
7
96021 96485
95985 96807
96426 96807
95677 96902
95622 96591
96012 96358
96021 96485
10
48705 48788
48745 48899
48618 49415
48624 49096
48481 49305
48386 49294
48351 49525
48245 49480
48339 48909
48705 48788
11
87542 6194
87797 5992
87633 6057
86861 6458
86850 6433
87266 6055
87588 5764
87931 5772
87695 6286
87092 6580
87542 6194
10
98567 53423
98170 52963
98919 52996
99672 53307
99540 53478
99419 53379
98466 53088
98482 53147
99260 53376
98567 53423
10
62030 39135
60544 39858
60342 38710
61222 39115
60662 39451
62092 39112
61900 40109
60762 40131
60847 39757
62030 39135
4
39346 10263
39349 8531
40840 9983
39346 10263
4
15870 77980
16199 79165
15527 78975
15870 77980
5
67563 25862
66935 27286
66188 25489
67282 25465
67563 25862
5
97438 20062
97521 18888
99414 18749
97430 20357
97438 20062
8
30012 52978
30134 53340
29977 54313
29814 54521
29751 54618
29585 54854
30012 53297
30012 52978
5
50203 84292
49948 84581
49793 82706
50363 83666
50203 84292
7
91811 96771
91577 96162
91841 95678
92147 96412
91898 97120
91553 96596
91811 96771
9
47394 54605
46929 55021
47056 54062
47205 53425
47341 54087
47646 53336
47494 54802
47538 55320
47394 54605
11
10331 63926
9771 63591
9326 63797
9585 63464
9780 62876
10399 62952
10609 62953
9726 62671
10512 62803
11173 63285
10331 63926
9
73027 90026
72993 90421
72859 90507
72409 91096
72496 90605
72257 90543
72169 89944
72227 89696
73027 90026
8
65349 59972
65322 59284
65695 58324
65736 58384
65366 59471
65919 58874
65735 59733
65349 59972
11
92180 81385
92014 81459
91941 81536
91836 81474
92016 81599
92092 81643
91427 81637
91022 81285
91161 81101
92007 81133
92180 81385
11
93718 11447
93617 11308
93471 11001
93493 10846
93582 11075
93703 11410
93585 10903
93992 10803
93922 12062
93787 11281
93718 11447
5
54928 61004
55858 61768
55737 62632
54438 61867
54928 61004
7
18508 53790
18928 52880
18941 54787
18560 54100
17995 54413
17987 53389
18508 53790
5
58512 76941
59121 77232
58635 77462
58542 77427
58512 76941
10
74043 95477
74397 95207
74660 95105
74616 95674
74296 95726
74312 95928
74160 96030
73967 96056
74000 95950
74043 95477
11
60010 26362
59493 26806
59329 25263
60148 26020
60122 25974
60325 25372
60824 25906
60601 26351
60492 26991
59990 27132
60010 26362
5
95387 83042
96573 82671
96721 84308
95558 83357
95387 83042
10
74555 31711
73921 31630
73898 30804
73946 31114
74412 31007
74424 31081
74316 31378
73992 31590
74532 31461
74555 31711
4
57788 92177
58409 91128
58336 91779
57788 92177
7
2403 45666
2382 45973
1635 46471
1277 45991
1873 45869
1813 45701
2403 45666
5
27351 14991
26838 15365
26699 14906
26440 13607
27351 14991
9
82925 33283
83158 33419
82806 33558
82654 33295
82735 32938
83506 32732
83576 32784
83748 33027
82925 33283
4
96329 98797
97856 98224
97777 98672
96329 98797
10
72747 20921
73586 20111
73184 19821
73739 19647
73697 19893
73712 21449
71866 21316
71911 21271
72729 20532
72747 20921
10
97841 94523
96370 94937
96156 94766
97793 94459
97158 94294
96614 94225
96039 93796
96500 93715
97619 94170
97841 94523
8
68583 85152
69203 85865
68666 85903
68202 85934
67926 85820
67904 85541
68410 85038
68583 85152
8
14005 53962
14129 53820
15027 53348
14862 53972
14973 53474
14483 53835
14125 54008
14005 53962
10
91247 33895
91056 33812
90986 33713
91151 33768
91663 33962
91774 34704
91343 34562
90972 34252
91016 33937
91247 33895
6
50250 56165
48733 55787
48649 55709
50027 55416
50448 55333
50250 56165
6
55587 23733
55515 23812
54872 23766
55406 23304
55417 23313
55587 23733
5
76574 26361
76699 26959
75123 27299
75967 26316
76574 26361
4
47600 9148
48394 10320
47307 8918
47600 9148
6
96294 25232
97082 26739
95718 26389
95391 26239
95824 25184
96294 25232
10
93668 2978
94252 2549
94162 2622
94074 3209
94921 2632
95350 2584
95313 3114
94589 3361
93834 3198
93668 2978
8
76958 74497
76412 74949
76016 74899
75579 74620
75841 73935
75942 74106
76181 74539
76958 74497
4
61627 72276
59746 72235
60062 71045
61627 72276
6
58643 46283
58572 47030
58096 47103
57877 46886
58786 45139
58643 46283
4
79015 2943
78100 2387
79009 2156
79015 2943
9
89150 6211
88733 5999
88732 5905
88837 5804
89283 5837
89385 6321
89213 6510
88660 6458
89150 6211
4
79660 43422
80501 41956
79593 43892
79660 43422
9
86239 12103
85665 11812
85735 11255
84765 11622
85224 10673
85293 10489
85601 10662
85857 11147
86239 12103
8
66219 98710
66420 98716
66252 98721
66780 99038
66568 99309
66891 99371
66409 99362
66219 98710
6
62098 10521
62715 10450
62887 10434
62971 11074
61950 11685
62098 10521
7
7596 97677
7353 97167
7945 96826
8323 96659
8018 97165
8513 96745
7596 97677
6
41412 85445
41714 84894
42100 85250
41371 86683
41301 86657
41412 85445
11
85318 190
85483 594
85665 152
85918 1023
85655 1247
85275 1336
85433 1226
85028 760
85045 495
85197 189
85318 190
9
60347 29575
60088 29421
60091 29409
60024 29514
60164 29008
60695 29219
60207 29178
60209 29216
60347 29575
10
89238 97712
89672 97249
90349 96690
89706 97930
89458 98028
89958 97166
89041 98080
89003 97725
89117 97447
89238 97712
10
1014 13484
425 13503
497 12831
810 12078
1305 12259
1455 12285
1707 13005
1244 12749
1229 12485
1014 13484
6
68795 34885
68360 33834
68946 33694
69217 33916
69106 35072
68795 34885
9
31785 37076
31734 37378
31612 37563
31606 37986
31287 37810
31399 37249
31731 36700
31840 36846
31785 37076
9
96775 1141
96959 1450
96500 3006
96681 1739
96442 2162
96401 2487
96297 2698
96335 1498
96775 1141
7
10158 41673
9487 42235
8814 41721
9601 40678
10106 41492
10107 41095
10158 41673
9
5214 19262
5264 19523
5626 19038
5578 20005
5054 20351
4350 20145
4286 19949
4337 19601
5214 19262
9
23801 75566
23650 75563
23562 75940
23048 76527
22805 76456
22563 75467
23038 76166
22891 75196
23801 75566
7
83492 49709
83786 50539
83848 50934
83262 50566
83111 50454
83485 49800
83492 49709
11
64945 41146
64173 41249
63904 41253
64014 41181
63848 40845
64790 40962
65274 41349
64185 41746
63850 41886
64028 41434
64945 41146
8
60884 19668
60669 19987
59680 21124
59063 20371
59292 19484
59260 19675
60318 19210
60884 19668
4
41058 1431
39943 2607
39900 1531
41058 1431
5
89796 67799
89259 67592
89344 67401
89701 67158
89796 67799
10
90539 58794
90597 58846
91197 58779
90799 58228
91269 58847
90915 59136
90239 59387
90253 58799
90375 58802
90539 58794
5
44058 2572
42828 3038
43994 2449
44227 2334
44058 2572
8
83986 53200
84664 52738
83655 53187
83245 53268
84069 52618
85024 52606
84881 52817
83986 53200
11
4576 87745
4914 87210
5030 86704
5283 86941
5569 87097
6272 86958
5982 87874
5433 88197
4776 88248
4526 87751
4576 87745
10
87184 92472
88087 92395
88312 92909
87755 92858
87841 93027
87210 92881
86509 93071
86686 92828
86454 92671
87184 92472
5
32225 20387
31237 20488
32064 18747
32350 19764
32225 20387
7
67775 69498
67383 69417
67252 69818
66481 69315
66923 68479
67611 68964
67775 69498
8
5705 47346
5345 47536
4693 47257
5097 46427
5357 46449
5183 46843
4882 47163
5705 47346
6
34404 4809
33813 4926
34279 4376
34863 4442
34250 4503
34404 4809
8
59938 44372
59432 44883
59455 44414
59624 44236
59689 44255
60078 43721
60201 44231
59938 44372
4
78567 4728
78292 5582
77404 3984
78567 4728
9
15495 35216
14469 35265
13985 34853
14436 35488
13512 34292
13820 34667
14698 34495
15201 34457
15495 35216
6
85248 4742
85363 5351
84908 5970
84807 5052
84754 4545
85248 4742
4
57117 72540
55674 71828
56719 71848
57117 72540
11
85730 62792
85655 63255
85320 62782
85463 62320
86225 62173
86389 62210
86185 62633
86136 62642
85900 63265
85917 62701
85730 62792
11
89789 65869
89081 65699
88905 65570
88834 65357
89290 65478
89302 65424
89752 65482
90603 65482
90693 65783
90522 65807
89789 65869
10
85363 1794
85967 2050
85943 2169
85898 2495
85608 3316
85534 2393
85360 2380
85375 2359
85463 2035
85363 1794
10
98723 22870
98461 23122
98480 22763
98779 22395
99160 22256
98899 23116
98854 23247
99011 23103
98691 23568
98723 22870
8
71665 58771
72003 57803
71977 57724
72502 57988
72486 58178
72000 58663
72101 58325
71665 58771
9
89198 3759
89881 3649
89434 3411
89961 3473
89763 4649
89169 3729
88950 3411
89401 3593
89198 3759
4
84937 82088
86355 82676
85539 82788
84937 82088
8
97716 23765
97244 24235
97790 23655
98262 24354
97829 24845
97265 24663
97634 24547
97716 23765
7
57834 87733
58242 86453
57937 87884
57904 87785
57581 88263
57721 87603
57834 87733
5
30223 91709
29908 91965
30027 91454
30470 91458
30223 91709
6
85790 19716
86343 20637
84779 20641
84764 20237
84779 20059
85790 19716
9
61390 26919
60954 26795
60680 26612
61182 26853
60873 26321
60976 26352
61637 26820
61336 27161
61390 26919
10
13462 70479
13661 71580
13560 70946
13979 70961
14475 71942
13674 71658
12854 71093
12724 70797
12863 70708
13462 70479
11
68997 24928
69555 24931
69916 25235
69130 25398
69878 25520
69392 26018
69079 25499
69121 25622
69101 25870
68497 25110
68997 24928
8
25102 53382
25233 53250
25384 53285
25226 54028
24575 54153
24865 53821
25281 53387
25102 53382
10
20268 43238
20243 43476
18800 43749
19567 43593
19736 43018
19768 42896
19922 42722
18981 43411
20323 42386
20268 43238
10
87054 53858
87265 53572
86656 53457
87848 53249
87874 53356
87769 53715
87487 53872
87393 53992
86790 53823
87054 53858
5
71198 51083
70949 51435
69965 52003
70786 50345
71198 51083
8
33284 58393
33121 57816
33842 57675
33778 58052
33621 58433
33405 58476
33033 58457
33284 58393
6
96781 34124
96260 34974
96418 34088
96443 33988
96754 33965
96781 34124
5
88905 45768
90301 46122
90800 46590
89117 45872
88905 45768
4
47521 10874
46712 10063
46441 9712
47521 10874
9
66186 636
66224 1357
65974 993
66099 1647
65518 1542
65563 961
65572 1058
66167 728
66186 636
11
65844 48260
65788 48008
65933 47678
66090 47849
66603 47541
66101 47416
66623 47477
67165 47627
67385 48059
66792 48236
65844 48260
8
94456 3931
95804 4072
96060 5239
94623 4349
96148 5317
95776 5175
94669 5620
94456 3931
7
93283 19079
94968 17745
94852 17900
94643 18797
93585 19324
93725 18875
93283 19079
5
25756 13119
24909 14623
24725 14595
24343 12691
25756 13119
5
24854 16195
24657 16873
23420 15202
24592 15560
24854 16195
7
78789 69601
79361 69426
79981 69709
80426 70250
79703 70264
79559 70218
78789 69601
10
41252 51134
41632 50876
41589 51078
41368 51205
40777 50866
40730 50591
41381 50740
41659 50799
41344 50820
41252 51134
5
29422 48555
28802 48066
29078 47998
29407 48405
29422 48555
6
4132 55768
4056 56519
4485 55974
4296 56635
3754 56526
4132 55768
4
74149 67554
73080 69095
73933 67324
74149 67554
6
7025 52876
7153 53215
6245 53611
5950 53730
5744 53026
7025 52876
8
21279 52813
21411 52625
21432 53426
21259 53511
21119 53214
20923 52849
20925 52627
21279 52813
11
86111 35859
85429 36365
86126 36508
86017 35960
86176 36570
85549 36842
84378 36916
84383 36394
85171 35970
85244 35770
86111 35859
9
5449 5055
5447 5273
5334 5692
4994 5082
4889 4144
5059 4034
5106 4463
5128 3993
5449 5055
5
67502 6791
67602 7350
66693 8354
67463 6740
67502 6791
10
9953 32361
10866 32744
10846 32504
10315 31875
11141 32154
11089 32332
11621 32321
10769 32884
10450 33087
9953 32361
9
8274 23184
8467 23743
8769 22646
9057 24462
8642 24475
8607 23480
8616 24212
8265 24412
8274 23184
8
49417 19557
49910 19787
49458 19793
49491 20189
49926 20273
49493 20296
49427 20136
49417 19557
4
62897 21144
61195 19599
62920 20589
62897 21144
9
78712 63025
78370 63330
78851 63184
79093 63001
79032 64184
78523 64263
77385 63830
78394 63083
78712 63025
7
70763 93154
70772 93557
70378 93597
70091 93247
69936 92987
70399 93519
70763 93154
11
22202 27511
22269 27201
22336 27125
21906 27379
22128 27081
21907 26879
22194 26685
22482 26741
22612 26649
22566 26896
22202 27511
7
46837 12990
47984 14152
48114 13761
48029 14199
46783 14012
46968 13601
46837 12990
8
28162 5958
28210 5326
29394 4978
29387 5434
29388 5307
29294 5953
28851 5971
28162 5958
7
12047 84652
12729 84695
12691 86096
10983 86572
11555 85418
11978 85482
12047 84652
